# Solver information
# Time        	U_solver      	Ux_initial    	Ux_final      	Ux_iters      	Uy_initial    	Uy_final      	Uy_iters      	Uz_initial    	Uz_final      	Uz_iters      	U_converged   	p_solver      	p_initial     	p_final       	p_iters       	p_converged   
1             	smoothSolver	1.000000e+00	7.926160e-02	5	1.000000e+00	7.526940e-02	6	1.000000e+00	8.601130e-02	6	false	GAMG	1.000000e+00	7.633870e-03	11	true
2             	smoothSolver	5.351530e-01	3.289020e-02	3	6.206400e-01	3.290480e-02	3	6.918200e-01	6.591710e-02	2	false	GAMG	8.955930e-04	6.220290e-06	5	true
3             	smoothSolver	3.545590e-01	2.494650e-02	3	3.734580e-01	2.650130e-02	3	6.405140e-01	3.188050e-02	3	false	GAMG	6.827980e-04	4.461670e-06	6	true
4             	smoothSolver	1.616890e-01	1.220440e-02	4	1.838280e-01	1.642510e-02	3	4.832690e-01	2.390560e-02	3	false	GAMG	4.173540e-04	2.628520e-06	5	true
5             	smoothSolver	1.058840e-01	1.035340e-02	3	1.275460e-01	1.005570e-02	3	3.728940e-01	1.976400e-02	3	false	GAMG	4.027710e-04	3.119160e-06	4	true
6             	smoothSolver	6.684670e-02	4.608340e-03	4	8.190070e-02	6.495010e-03	3	2.621540e-01	1.448270e-02	3	false	GAMG	3.582090e-04	2.186720e-06	4	true
7             	smoothSolver	4.814010e-02	4.657790e-03	3	6.019700e-02	4.539300e-03	3	2.047220e-01	1.150940e-02	3	false	GAMG	3.246080e-04	2.603360e-06	3	true
8             	smoothSolver	3.722720e-02	3.447530e-03	3	4.485050e-02	3.307290e-03	3	1.585860e-01	8.847380e-03	3	false	GAMG	2.869700e-04	2.297620e-06	3	true
9             	smoothSolver	3.030660e-02	2.683570e-03	3	3.597860e-02	2.475180e-03	3	1.324550e-01	7.208700e-03	3	false	GAMG	2.512060e-04	1.740590e-06	3	true
10            	smoothSolver	2.525700e-02	2.167840e-03	3	2.940180e-02	1.943820e-03	3	1.086230e-01	5.792310e-03	3	false	GAMG	2.200150e-04	1.049550e-06	3	true
11            	smoothSolver	2.159400e-02	1.778170e-03	3	2.452620e-02	1.558280e-03	3	9.178720e-02	4.723240e-03	3	false	GAMG	1.931030e-04	9.363120e-07	3	true
12            	smoothSolver	1.842690e-02	1.483130e-03	3	2.090550e-02	1.271740e-03	3	7.808950e-02	3.920090e-03	3	false	GAMG	1.700330e-04	1.696320e-06	2	true
13            	smoothSolver	1.599500e-02	1.274200e-03	3	1.765630e-02	1.045640e-03	3	6.615190e-02	3.202830e-03	3	false	GAMG	1.491890e-04	1.488920e-06	2	true
14            	smoothSolver	1.387060e-02	1.102400e-03	3	1.528030e-02	8.814540e-04	3	5.750410e-02	2.749380e-03	3	false	GAMG	1.318590e-04	1.236000e-06	2	true
15            	smoothSolver	1.208810e-02	9.709610e-04	3	1.334930e-02	7.495910e-04	3	5.019760e-02	2.377300e-03	3	false	GAMG	1.174060e-04	1.051590e-06	2	true
16            	smoothSolver	1.058440e-02	8.688540e-04	3	1.173630e-02	6.481950e-04	3	4.409190e-02	2.087440e-03	3	false	GAMG	1.048820e-04	6.074850e-07	3	true
17            	smoothSolver	9.443230e-03	8.022900e-04	3	1.061420e-02	5.848390e-04	3	4.019300e-02	1.899400e-03	3	false	GAMG	9.399360e-05	8.591600e-07	2	true
18            	smoothSolver	8.370850e-03	7.338630e-04	3	9.083800e-03	5.046800e-04	3	3.394410e-02	3.362540e-03	2	false	GAMG	8.461380e-05	8.324190e-07	2	true
19            	smoothSolver	7.420320e-03	6.840450e-04	3	7.992490e-03	4.439720e-04	3	3.019080e-02	1.508930e-03	3	false	GAMG	7.641510e-05	7.241490e-07	2	true
20            	smoothSolver	6.647920e-03	6.483880e-04	3	7.096310e-03	3.975360e-04	3	2.672260e-02	1.360310e-03	3	false	GAMG	6.934610e-05	6.435540e-07	2	true
21            	smoothSolver	5.972090e-03	4.440440e-04	4	6.292840e-03	3.584250e-04	3	2.363450e-02	1.233290e-03	3	false	GAMG	6.315100e-05	6.060330e-07	2	true
22            	smoothSolver	5.414880e-03	4.330430e-04	4	5.662700e-03	3.302690e-04	3	2.129690e-02	1.150970e-03	3	false	GAMG	5.819380e-05	5.414600e-07	2	true
23            	smoothSolver	4.917710e-03	4.274300e-04	4	5.039560e-03	3.039230e-04	3	1.900730e-02	1.071930e-03	3	false	GAMG	5.379570e-05	4.673230e-07	2	true
24            	smoothSolver	4.488520e-03	4.252200e-04	4	4.529670e-03	2.808390e-04	3	1.709600e-02	9.995280e-04	3	false	GAMG	4.987700e-05	3.932480e-07	2	true
25            	smoothSolver	4.116230e-03	3.261120e-04	5	4.052830e-03	2.589080e-04	3	1.542530e-02	9.330540e-04	3	false	GAMG	4.583370e-05	3.631150e-07	2	true
26            	smoothSolver	3.794790e-03	3.257810e-04	5	3.674440e-03	2.407250e-04	3	1.402900e-02	8.787830e-04	3	false	GAMG	4.198710e-05	3.145970e-07	2	true
27            	smoothSolver	3.507770e-03	3.257360e-04	5	3.284290e-03	2.222930e-04	3	1.265020e-02	8.221550e-04	3	false	GAMG	3.992120e-05	3.078660e-07	2	true
28            	smoothSolver	3.246940e-03	3.246310e-04	5	2.959810e-03	2.058870e-04	3	1.141600e-02	7.705770e-04	3	false	GAMG	3.844810e-05	3.238740e-07	2	true
29            	smoothSolver	3.014900e-03	2.515100e-04	6	2.666490e-03	1.915030e-04	3	1.035360e-02	7.259160e-04	3	false	GAMG	3.638210e-05	3.474710e-07	2	true
30            	smoothSolver	2.801800e-03	2.467440e-04	6	2.436870e-03	1.811040e-04	3	9.468540e-03	6.909590e-04	3	false	GAMG	3.431300e-05	3.305840e-07	2	true
31            	smoothSolver	2.607060e-03	2.404100e-04	6	2.201430e-03	1.711820e-04	3	8.647460e-03	6.580590e-04	3	false	GAMG	3.227970e-05	3.032860e-07	2	true
32            	smoothSolver	2.421200e-03	2.323010e-04	6	2.004660e-03	1.634460e-04	3	7.904990e-03	6.277020e-04	3	false	GAMG	3.033480e-05	2.730040e-07	2	true
33            	smoothSolver	2.248810e-03	2.227660e-04	6	1.823580e-03	1.572440e-04	3	7.228020e-03	5.993060e-04	3	false	GAMG	2.831470e-05	2.429080e-07	2	true
34            	smoothSolver	2.082120e-03	1.655680e-04	7	1.676620e-03	1.517270e-04	3	6.621550e-03	5.780970e-04	3	false	GAMG	2.645010e-05	2.360960e-07	2	true
35            	smoothSolver	1.922440e-03	1.559220e-04	7	1.530330e-03	1.470050e-04	3	6.061350e-03	5.655560e-04	3	false	GAMG	2.465240e-05	2.134090e-07	2	true
36            	smoothSolver	1.768900e-03	1.459320e-04	7	1.413020e-03	9.996090e-05	4	5.587860e-03	5.563060e-04	3	false	GAMG	2.306080e-05	2.059470e-07	2	true
37            	smoothSolver	1.633800e-03	1.360250e-04	7	1.297160e-03	9.473670e-05	4	5.188390e-03	3.857160e-04	4	false	GAMG	2.152880e-05	1.686730e-07	2	true
38            	smoothSolver	1.495440e-03	1.254630e-04	7	1.185410e-03	8.921050e-05	4	4.712350e-03	3.591850e-04	4	false	GAMG	2.014740e-05	1.623640e-07	2	true
39            	smoothSolver	1.363800e-03	1.146200e-04	7	1.067610e-03	8.329070e-05	4	4.271050e-03	3.338040e-04	4	false	GAMG	1.883520e-05	1.629140e-07	2	true
40            	smoothSolver	1.243940e-03	1.045170e-04	7	9.812260e-04	7.813700e-05	4	3.938280e-03	3.124640e-04	4	false	GAMG	1.759520e-05	1.518280e-07	2	true
41            	smoothSolver	1.135310e-03	9.513790e-05	7	8.948540e-04	7.355760e-05	4	3.622660e-03	2.932450e-04	4	false	GAMG	1.638830e-05	1.384170e-07	2	true
42            	smoothSolver	1.032840e-03	8.647360e-05	7	8.240480e-04	6.935140e-05	4	3.342240e-03	2.760900e-04	4	false	GAMG	1.529430e-05	1.244030e-07	2	true
43            	smoothSolver	9.415030e-04	7.849830e-05	7	7.533940e-04	6.544710e-05	4	3.077170e-03	2.599320e-04	4	false	GAMG	1.424320e-05	1.068420e-07	2	true
44            	smoothSolver	8.571420e-04	7.119890e-05	7	6.966780e-04	6.194290e-05	4	2.842370e-03	2.446400e-04	4	false	GAMG	1.327190e-05	9.048440e-08	2	true
45            	smoothSolver	7.821450e-04	6.452570e-05	7	6.394210e-04	5.834720e-05	4	2.626170e-03	2.294390e-04	4	false	GAMG	1.234480e-05	8.090540e-08	2	true
46            	smoothSolver	7.131040e-04	5.850490e-05	7	5.926330e-04	5.487480e-05	4	2.433590e-03	2.150500e-04	4	false	GAMG	1.149980e-05	7.341890e-08	2	true
47            	smoothSolver	6.492340e-04	5.298670e-05	7	5.424640e-04	5.134740e-05	4	2.236980e-03	2.009240e-04	4	false	GAMG	1.069010e-05	7.251100e-08	2	true
48            	smoothSolver	5.909390e-04	4.796080e-05	7	5.005880e-04	4.792510e-05	4	2.066790e-03	1.879630e-04	4	false	GAMG	9.939590e-06	7.023170e-08	2	true
49            	smoothSolver	5.393180e-04	4.342730e-05	7	4.591490e-04	4.469280e-05	4	1.906720e-03	1.761220e-04	4	false	GAMG	9.224030e-06	6.570470e-08	2	true
50            	smoothSolver	4.922050e-04	3.934480e-05	7	4.246620e-04	4.167610e-05	4	1.764030e-03	1.652810e-04	4	false	GAMG	8.565100e-06	6.106970e-08	2	true
51            	smoothSolver	4.503550e-04	3.567640e-05	7	3.898110e-04	3.881190e-05	4	1.628050e-03	1.553680e-04	4	false	GAMG	7.937620e-06	5.584760e-08	2	true
52            	smoothSolver	4.122430e-04	3.235140e-05	7	3.604940e-04	2.745240e-05	5	1.506820e-03	1.463960e-04	4	false	GAMG	7.362700e-06	5.318010e-08	2	true
53            	smoothSolver	3.778570e-04	3.752030e-05	6	3.302370e-04	2.522630e-05	5	1.392390e-03	1.379160e-04	4	false	GAMG	6.812850e-06	5.103930e-08	2	true
54            	smoothSolver	3.469250e-04	3.418550e-05	6	3.047760e-04	2.317700e-05	5	1.287450e-03	9.870020e-05	5	false	GAMG	6.308720e-06	4.731640e-08	2	true
55            	smoothSolver	3.190210e-04	3.104440e-05	6	2.798470e-04	2.133550e-05	5	1.189170e-03	9.259480e-05	5	false	GAMG	5.836210e-06	4.056870e-08	2	true
56            	smoothSolver	2.929790e-04	2.827390e-05	6	2.584290e-04	2.579990e-05	4	1.104820e-03	8.778230e-05	5	false	GAMG	5.401720e-06	3.420710e-08	2	true
57            	smoothSolver	2.703400e-04	2.589670e-05	6	2.388230e-04	1.834970e-05	5	1.031910e-03	8.408990e-05	5	false	GAMG	5.001420e-06	3.056190e-08	2	true
58            	smoothSolver	2.481320e-04	2.375930e-05	6	2.202500e-04	1.690330e-05	5	9.578030e-04	8.086700e-05	5	false	GAMG	4.632370e-06	3.212140e-08	2	true
59            	smoothSolver	2.284090e-04	2.183170e-05	6	2.013680e-04	1.554990e-05	5	8.899360e-04	7.818520e-05	5	false	GAMG	4.288940e-06	3.093700e-08	2	true
60            	smoothSolver	2.105350e-04	2.013580e-05	6	1.858160e-04	1.430400e-05	5	8.304690e-04	7.588280e-05	5	false	GAMG	3.974480e-06	2.897470e-08	2	true
61            	smoothSolver	1.942650e-04	1.862870e-05	6	1.705550e-04	1.316280e-05	5	7.747590e-04	7.383410e-05	5	false	GAMG	3.683660e-06	2.682750e-08	2	true
62            	smoothSolver	1.798070e-04	1.731500e-05	6	1.577770e-04	1.210890e-05	5	7.267460e-04	7.201620e-05	5	false	GAMG	3.417450e-06	2.488140e-08	2	true
63            	smoothSolver	1.667720e-04	1.617830e-05	6	1.449800e-04	1.114960e-05	5	6.803660e-04	5.474430e-05	6	false	GAMG	3.172800e-06	2.288400e-08	2	true
64            	smoothSolver	1.550690e-04	1.516500e-05	6	1.342650e-04	1.026330e-05	5	6.381240e-04	5.312300e-05	6	false	GAMG	2.948070e-06	2.103840e-08	2	true
65            	smoothSolver	1.443200e-04	1.426320e-05	6	1.235380e-04	9.450400e-06	5	5.981630e-04	5.159260e-05	6	false	GAMG	2.740290e-06	1.884900e-08	2	true
66            	smoothSolver	1.344400e-04	1.051120e-05	7	1.145740e-04	1.142230e-05	4	5.637450e-04	5.017610e-05	6	false	GAMG	2.549720e-06	1.794020e-08	2	true
67            	smoothSolver	1.252030e-04	9.915380e-06	7	1.057460e-04	8.107960e-06	5	5.302450e-04	4.891730e-05	6	false	GAMG	2.377130e-06	9.453900e-08	1	true
68            	smoothSolver	1.167330e-04	9.384830e-06	7	9.794120e-05	9.791510e-06	4	5.007480e-04	4.771330e-05	6	false	GAMG	2.221190e-06	9.697720e-08	1	true
69            	smoothSolver	1.090950e-04	8.929220e-06	7	9.052290e-05	6.955170e-06	5	4.710390e-04	4.646940e-05	6	false	GAMG	2.077030e-06	9.339990e-08	1	true
70            	smoothSolver	1.024150e-04	8.525870e-06	7	8.409740e-05	6.412540e-06	5	4.449530e-04	3.546270e-05	7	false	GAMG	1.944420e-06	8.865270e-08	1	true
71            	smoothSolver	9.641550e-05	8.184850e-06	7	7.779090e-05	5.939610e-06	5	4.196600e-04	3.435340e-05	7	false	GAMG	1.821800e-06	8.388700e-08	1	true
72            	smoothSolver	9.089270e-05	7.880590e-06	7	7.250490e-05	7.232490e-06	4	3.970480e-04	3.331950e-05	7	false	GAMG	1.706180e-06	7.906630e-08	1	true
73            	smoothSolver	8.584880e-05	7.619780e-06	7	6.741340e-05	5.189030e-06	5	3.754100e-04	3.235260e-05	7	false	GAMG	1.601490e-06	7.446780e-08	1	true
74            	smoothSolver	8.133150e-05	7.394760e-06	7	6.292440e-05	4.815710e-06	5	3.562130e-04	3.142980e-05	7	false	GAMG	1.504570e-06	7.018540e-08	1	true
75            	smoothSolver	7.718090e-05	7.196590e-06	7	5.847760e-05	4.484030e-06	5	3.380870e-04	3.054000e-05	7	false	GAMG	1.415600e-06	6.617830e-08	1	true
76            	smoothSolver	7.342400e-05	7.034970e-06	7	5.466470e-05	4.174980e-06	5	3.215300e-04	2.971070e-05	7	false	GAMG	1.332650e-06	6.227520e-08	1	true
77            	smoothSolver	7.000650e-05	6.899260e-06	7	5.091950e-05	3.903670e-06	5	3.055760e-04	2.891150e-05	7	false	GAMG	1.257490e-06	5.862540e-08	1	true
78            	smoothSolver	6.701250e-05	5.313480e-06	8	4.773960e-05	3.651020e-06	5	2.913150e-04	2.815200e-05	7	false	GAMG	1.189140e-06	5.546390e-08	1	true
79            	smoothSolver	6.421970e-05	5.218600e-06	8	4.468210e-05	3.436890e-06	5	2.775650e-04	2.741720e-05	7	false	GAMG	1.126320e-06	5.227780e-08	1	true
80            	smoothSolver	6.165350e-05	5.141600e-06	8	4.208260e-05	3.236470e-06	5	2.651240e-04	2.107680e-05	8	false	GAMG	1.067800e-06	4.936350e-08	1	true
81            	smoothSolver	5.935260e-05	5.080760e-06	8	3.957040e-05	3.065180e-06	5	2.530100e-04	2.047950e-05	8	false	GAMG	1.013850e-06	4.667770e-08	1	true
82            	smoothSolver	5.724930e-05	5.028430e-06	8	3.737720e-05	2.900300e-06	5	2.422100e-04	1.992390e-05	8	false	GAMG	9.638850e-07	4.430260e-08	1	true
83            	smoothSolver	5.529080e-05	4.978680e-06	8	3.519400e-05	2.757480e-06	5	2.316800e-04	1.939560e-05	8	false	GAMG	9.179970e-07	4.218210e-08	1	true
84            	smoothSolver	5.350040e-05	4.933010e-06	8	3.333190e-05	2.622850e-06	5	2.222400e-04	1.890360e-05	8	false	GAMG	8.750190e-07	4.021780e-08	1	true
85            	smoothSolver	5.183570e-05	4.885790e-06	8	3.146950e-05	2.509270e-06	5	2.130790e-04	1.843750e-05	8	false	GAMG	8.353400e-07	3.839770e-08	1	true
86            	smoothSolver	5.029490e-05	4.840460e-06	8	2.989510e-05	2.404920e-06	5	2.049910e-04	1.799360e-05	8	false	GAMG	7.982980e-07	3.671540e-08	1	true
87            	smoothSolver	4.885760e-05	4.793570e-06	8	2.832110e-05	2.317560e-06	5	1.970850e-04	1.756610e-05	8	false	GAMG	7.643180e-07	3.520420e-08	1	true
88            	smoothSolver	4.750490e-05	4.747900e-06	8	2.699200e-05	2.234590e-06	5	1.900120e-04	1.715880e-05	8	false	GAMG	7.326030e-07	3.379360e-08	1	true
89            	smoothSolver	4.624600e-05	3.682390e-06	9	2.566670e-05	2.167190e-06	5	1.831640e-04	1.676770e-05	8	false	GAMG	7.047140e-07	3.272740e-08	1	true
90            	smoothSolver	4.499280e-05	3.635880e-06	9	2.456240e-05	2.109870e-06	5	1.771630e-04	1.639230e-05	8	false	GAMG	6.795100e-07	3.152900e-08	1	true
91            	smoothSolver	4.383470e-05	3.591980e-06	9	2.345400e-05	2.062980e-06	5	1.713030e-04	1.602600e-05	8	false	GAMG	6.558810e-07	3.042190e-08	1	true
92            	smoothSolver	4.276050e-05	3.549780e-06	9	2.250080e-05	2.014870e-06	5	1.661520e-04	1.567050e-05	8	false	GAMG	6.333750e-07	2.944390e-08	1	true
93            	smoothSolver	4.174380e-05	3.507280e-06	9	2.154390e-05	1.975240e-06	5	1.610330e-04	1.532620e-05	8	false	GAMG	6.120840e-07	2.857160e-08	1	true
94            	smoothSolver	4.078340e-05	3.465610e-06	9	2.071820e-05	1.933890e-06	5	1.564870e-04	1.499220e-05	8	false	GAMG	5.924180e-07	2.776100e-08	1	true
95            	smoothSolver	3.986810e-05	3.423060e-06	9	1.990330e-05	1.899420e-06	5	1.519570e-04	1.466780e-05	8	false	GAMG	5.741030e-07	2.701010e-08	1	true
96            	smoothSolver	3.900300e-05	3.381480e-06	9	1.919410e-05	1.864800e-06	5	1.479940e-04	1.435370e-05	8	false	GAMG	5.571930e-07	2.630190e-08	1	true
97            	smoothSolver	3.818030e-05	3.339120e-06	9	1.848500e-05	1.837530e-06	5	1.440980e-04	1.405060e-05	8	false	GAMG	5.414290e-07	2.564360e-08	1	true
98            	smoothSolver	3.740030e-05	3.297970e-06	9	1.788020e-05	1.407310e-06	6	1.406290e-04	1.375710e-05	8	false	GAMG	5.272520e-07	2.504530e-08	1	true
99            	smoothSolver	3.664440e-05	3.255590e-06	9	1.724650e-05	1.378330e-06	6	1.372080e-04	1.347180e-05	8	false	GAMG	5.135130e-07	2.447870e-08	1	true
