$MeshFormat
2.2 0 8
$EndMeshFormat
$Nodes
680
1 19.39999961853027 7.799999713897705 0.300000011920929
2 21.60000038146973 7.799999713897705 0.300000011920929
3 19.39999961853027 7.799999713897705 0
4 21.60000038146973 7.799999713897705 0
5 18.89999961853027 7.299999713897705 0
6 18.89999961853027 7.299999713897705 0.300000011920929
7 18.91253662109375 7.41126012802124 0
8 18.91253662109375 7.41126012802124 0.300000011920929
9 18.94951629638672 7.516941547393799 0
10 18.94951629638672 7.516941547393799 0.300000011920929
11 19.00908470153809 7.61174488067627 0
12 19.00908470153809 7.61174488067627 0.300000011920929
13 19.08825492858887 7.690915584564209 0
14 19.08825492858887 7.690915584564209 0.300000011920929
15 19.18305778503418 7.750484466552734 0
16 19.18305778503418 7.750484466552734 0.300000011920929
17 19.28874015808105 7.787463665008545 0
18 19.28874015808105 7.787463665008545 0.300000011920929
19 18.89999961853027 3.145838260650635 0.300000011920929
20 18.89999961853027 3.145838260650635 0
21 17.10000038146973 3.145838260650635 0
22 17.10000038146973 3.145838260650635 0.300000011920929
23 17.11367225646973 2.989554882049561 0
24 17.11367225646973 2.989554882049561 0.300000011920929
25 17.15427589416504 2.838020086288452 0.300000011920929
26 17.15427589416504 2.838020086288452 0
27 17.22057723999023 2.695838212966919 0.300000011920929
28 17.22057723999023 2.695838212966919 0
29 17.31056022644043 2.567329406738281 0.300000011920929
30 17.31056022644043 2.567329406738281 0
31 17.4214916229248 2.456398248672485 0.300000011920929
32 17.4214916229248 2.456398248672485 0
33 17.54999923706055 2.36641526222229 0.300000011920929
34 17.54999923706055 2.36641526222229 0
35 17.69218254089355 2.300114870071411 0.300000011920929
36 17.69218254089355 2.300114870071411 0
37 17.84371757507324 2.259511232376099 0.300000011920929
38 17.84371757507324 2.259511232376099 0
39 18 2.245838165283203 0.300000011920929
40 18 2.245838165283203 0
41 18.15628433227539 2.259511232376099 0.300000011920929
42 18.15628433227539 2.259511232376099 0
43 18.30781745910645 2.300114870071411 0.300000011920929
44 18.30781745910645 2.300114870071411 0
45 18.45000076293945 2.36641526222229 0.300000011920929
46 18.45000076293945 2.36641526222229 0
47 18.5785083770752 2.456398248672485 0.300000011920929
48 18.5785083770752 2.456398248672485 0
49 18.68943977355957 2.567329406738281 0.300000011920929
50 18.68943977355957 2.567329406738281 0
51 18.77942276000977 2.695838212966919 0.300000011920929
52 18.77942276000977 2.695838212966919 0
53 18.84572410583496 2.838020086288452 0.300000011920929
54 18.84572410583496 2.838020086288452 0
55 18.88632774353027 2.989554882049561 0.300000011920929
56 18.88632774353027 2.989554882049561 0
57 17.10000038146973 11.85416316986084 0.300000011920929
58 17.10000038146973 11.85416316986084 0
59 14.10000038146973 11.85416316986084 0
60 14.10000038146973 11.85416316986084 0.300000011920929
61 14.11526775360107 12.06763553619385 0
62 14.11526775360107 12.06763553619385 0.300000011920929
63 14.1607608795166 12.27676200866699 0
64 14.1607608795166 12.27676200866699 0.300000011920929
65 14.23555183410645 12.47728538513184 0
66 14.23555183410645 12.47728538513184 0.300000011920929
67 14.33811950683594 12.66512393951416 0
68 14.33811950683594 12.66512393951416 0.300000011920929
69 14.46637535095215 12.83645439147949 0
70 14.46637535095215 12.83645439147949 0.300000011920929
71 14.61770915985107 12.9877872467041 0
72 14.61770915985107 12.9877872467041 0.300000011920929
73 14.78903865814209 13.11604309082031 0
74 14.78903865814209 13.11604309082031 0.300000011920929
75 14.97687721252441 13.2186107635498 0
76 14.97687721252441 13.2186107635498 0.300000011920929
77 15.17740154266357 13.29340267181396 0
78 15.17740154266357 13.29340267181396 0.300000011920929
79 15.38652801513672 13.33889484405518 0
80 15.38652801513672 13.33889484405518 0.300000011920929
81 15.60000038146973 13.35416316986084 0
82 15.60000038146973 13.35416316986084 0.300000011920929
83 15.81347274780273 13.33889484405518 0
84 15.81347274780273 13.33889484405518 0.300000011920929
85 16.02259826660156 13.29340267181396 0
86 16.02259826660156 13.29340267181396 0.300000011920929
87 16.22312355041504 13.2186107635498 0
88 16.22312355041504 13.2186107635498 0.300000011920929
89 16.41096115112305 13.11604309082031 0
90 16.41096115112305 13.11604309082031 0.300000011920929
91 16.58229064941406 12.9877872467041 0
92 16.58229064941406 12.9877872467041 0.300000011920929
93 16.73362350463867 12.83645439147949 0
94 16.73362350463867 12.83645439147949 0.300000011920929
95 16.86188125610352 12.66512393951416 0
96 16.86188125610352 12.66512393951416 0.300000011920929
97 16.96444892883301 12.47728538513184 0
98 16.96444892883301 12.47728538513184 0.300000011920929
99 17.03923988342285 12.27676200866699 0
100 17.03923988342285 12.27676200866699 0.300000011920929
101 17.08473205566406 12.06763553619385 0
102 17.08473205566406 12.06763553619385 0.300000011920929
103 14.10000038146973 3.145838260650635 0.300000011920929
104 14.10000038146973 3.145838260650635 0
105 12.30000019073486 3.145838260650635 0
106 12.30000019073486 3.145838260650635 0.300000011920929
107 12.31367301940918 2.989554882049561 0
108 12.31367301940918 2.989554882049561 0.300000011920929
109 12.35427665710449 2.838020086288452 0.300000011920929
110 12.35427665710449 2.838020086288452 0
111 12.42057704925537 2.695838212966919 0.300000011920929
112 12.42057704925537 2.695838212966919 0
113 12.51056003570557 2.567329406738281 0.300000011920929
114 12.51056003570557 2.567329406738281 0
115 12.62149143218994 2.456398248672485 0.300000011920929
116 12.62149143218994 2.456398248672485 0
117 12.75 2.36641526222229 0.300000011920929
118 12.75 2.36641526222229 0
119 12.89218235015869 2.300114870071411 0.300000011920929
120 12.89218235015869 2.300114870071411 0
121 13.04371643066406 2.259511232376099 0.300000011920929
122 13.04371643066406 2.259511232376099 0
123 13.19999980926514 2.245838165283203 0.300000011920929
124 13.19999980926514 2.245838165283203 0
125 13.35628318786621 2.259511232376099 0.300000011920929
126 13.35628318786621 2.259511232376099 0
127 13.5078182220459 2.300114870071411 0.300000011920929
128 13.5078182220459 2.300114870071411 0
129 13.64999961853027 2.36641526222229 0.300000011920929
130 13.64999961853027 2.36641526222229 0
131 13.77850914001465 2.456398248672485 0.300000011920929
132 13.77850914001465 2.456398248672485 0
133 13.88944053649902 2.567329406738281 0.300000011920929
134 13.88944053649902 2.567329406738281 0
135 13.9794225692749 2.695838212966919 0.300000011920929
136 13.9794225692749 2.695838212966919 0
137 14.0457239151001 2.838020086288452 0.300000011920929
138 14.0457239151001 2.838020086288452 0
139 14.08632659912109 2.989554882049561 0.300000011920929
140 14.08632659912109 2.989554882049561 0
141 12.30000019073486 11.85416316986084 0.300000011920929
142 12.30000019073486 11.85416316986084 0
143 9.300000190734863 11.85416316986084 0
144 9.300000190734863 11.85416316986084 0.300000011920929
145 9.315267562866211 12.06763553619385 0
146 9.315267562866211 12.06763553619385 0.300000011920929
147 9.360760688781738 12.27676200866699 0
148 9.360760688781738 12.27676200866699 0.300000011920929
149 9.435551643371582 12.47728538513184 0
150 9.435551643371582 12.47728538513184 0.300000011920929
151 9.538119316101074 12.66512393951416 0
152 9.538119316101074 12.66512393951416 0.300000011920929
153 9.666376113891602 12.83645439147949 0
154 9.666376113891602 12.83645439147949 0.300000011920929
155 9.817708969116211 12.9877872467041 0
156 9.817708969116211 12.9877872467041 0.300000011920929
157 9.989038467407227 13.11604309082031 0
158 9.989038467407227 13.11604309082031 0.300000011920929
159 10.17687797546387 13.2186107635498 0
160 10.17687797546387 13.2186107635498 0.300000011920929
161 10.37740135192871 13.29340267181396 0
162 10.37740135192871 13.29340267181396 0.300000011920929
163 10.58652782440186 13.33889484405518 0
164 10.58652782440186 13.33889484405518 0.300000011920929
165 10.80000019073486 13.35416316986084 0
166 10.80000019073486 13.35416316986084 0.300000011920929
167 11.01347255706787 13.33889484405518 0
168 11.01347255706787 13.33889484405518 0.300000011920929
169 11.22259902954102 13.29340267181396 0
170 11.22259902954102 13.29340267181396 0.300000011920929
171 11.42312240600586 13.2186107635498 0
172 11.42312240600586 13.2186107635498 0.300000011920929
173 11.61096096038818 13.11604309082031 0
174 11.61096096038818 13.11604309082031 0.300000011920929
175 11.78229141235352 12.9877872467041 0
176 11.78229141235352 12.9877872467041 0.300000011920929
177 11.93362426757812 12.83645439147949 0
178 11.93362426757812 12.83645439147949 0.300000011920929
179 12.06188011169434 12.66512393951416 0
180 12.06188011169434 12.66512393951416 0.300000011920929
181 12.16444778442383 12.47728538513184 0
182 12.16444778442383 12.47728538513184 0.300000011920929
183 12.23923969268799 12.27676200866699 0
184 12.23923969268799 12.27676200866699 0.300000011920929
185 12.2847318649292 12.06763553619385 0
186 12.2847318649292 12.06763553619385 0.300000011920929
187 9.300000190734863 3.145838260650635 0.300000011920929
188 9.300000190734863 3.145838260650635 0
189 7.5 3.145838260650635 0
190 7.5 3.145838260650635 0.300000011920929
191 7.513673305511475 2.989554882049561 0
192 7.513673305511475 2.989554882049561 0.300000011920929
193 7.554276943206787 2.838020086288452 0.300000011920929
194 7.554276943206787 2.838020086288452 0
195 7.620577335357666 2.695838212966919 0.300000011920929
196 7.620577335357666 2.695838212966919 0
197 7.710560321807861 2.567329406738281 0.300000011920929
198 7.710560321807861 2.567329406738281 0
199 7.821491241455078 2.456398248672485 0.300000011920929
200 7.821491241455078 2.456398248672485 0
201 7.950000286102295 2.36641526222229 0.300000011920929
202 7.950000286102295 2.36641526222229 0
203 8.092182159423828 2.300114870071411 0.300000011920929
204 8.092182159423828 2.300114870071411 0
205 8.243717193603516 2.259511232376099 0.300000011920929
206 8.243717193603516 2.259511232376099 0
207 8.399999618530273 2.245838165283203 0.300000011920929
208 8.399999618530273 2.245838165283203 0
209 8.556282997131348 2.259511232376099 0.300000011920929
210 8.556282997131348 2.259511232376099 0
211 8.707818031311035 2.300114870071411 0.300000011920929
212 8.707818031311035 2.300114870071411 0
213 8.850000381469727 2.36641526222229 0.300000011920929
214 8.850000381469727 2.36641526222229 0
215 8.978508949279785 2.456398248672485 0.300000011920929
216 8.978508949279785 2.456398248672485 0
217 9.08944034576416 2.567329406738281 0.300000011920929
218 9.08944034576416 2.567329406738281 0
219 9.179423332214355 2.695838212966919 0.300000011920929
220 9.179423332214355 2.695838212966919 0
221 9.245723724365234 2.838020086288452 0.300000011920929
222 9.245723724365234 2.838020086288452 0
223 9.286327362060547 2.989554882049561 0.300000011920929
224 9.286327362060547 2.989554882049561 0
225 7.5 11.85416316986084 0.300000011920929
226 7.5 11.85416316986084 0
227 4.5 11.85416316986084 0
228 4.5 11.85416316986084 0.300000011920929
229 4.515267848968506 12.06763553619385 0
230 4.515267848968506 12.06763553619385 0.300000011920929
231 4.560760498046875 12.27676200866699 0
232 4.560760498046875 12.27676200866699 0.300000011920929
233 4.635551929473877 12.47728538513184 0
234 4.635551929473877 12.47728538513184 0.300000011920929
235 4.738119602203369 12.66512393951416 0
236 4.738119602203369 12.66512393951416 0.300000011920929
237 4.866375923156738 12.83645439147949 0
238 4.866375923156738 12.83645439147949 0.300000011920929
239 5.017708778381348 12.9877872467041 0
240 5.017708778381348 12.9877872467041 0.300000011920929
241 5.189038753509521 13.11604309082031 0
242 5.189038753509521 13.11604309082031 0.300000011920929
243 5.376877784729004 13.2186107635498 0
244 5.376877784729004 13.2186107635498 0.300000011920929
245 5.577401161193848 13.29340267181396 0
246 5.577401161193848 13.29340267181396 0.300000011920929
247 5.786527633666992 13.33889484405518 0
248 5.786527633666992 13.33889484405518 0.300000011920929
249 6 13.35416316986084 0
250 6 13.35416316986084 0.300000011920929
251 6.213472366333008 13.33889484405518 0
252 6.213472366333008 13.33889484405518 0.300000011920929
253 6.422598838806152 13.29340267181396 0
254 6.422598838806152 13.29340267181396 0.300000011920929
255 6.623122692108154 13.2186107635498 0
256 6.623122692108154 13.2186107635498 0.300000011920929
257 6.810961246490479 13.11604309082031 0
258 6.810961246490479 13.11604309082031 0.300000011920929
259 6.982291221618652 12.9877872467041 0
260 6.982291221618652 12.9877872467041 0.300000011920929
261 7.13362455368042 12.83645439147949 0
262 7.13362455368042 12.83645439147949 0.300000011920929
263 7.261880397796631 12.66512393951416 0
264 7.261880397796631 12.66512393951416 0.300000011920929
265 7.364448070526123 12.47728538513184 0
266 7.364448070526123 12.47728538513184 0.300000011920929
267 7.439239501953125 12.27676200866699 0
268 7.439239501953125 12.27676200866699 0.300000011920929
269 7.484732151031494 12.06763553619385 0
270 7.484732151031494 12.06763553619385 0.300000011920929
271 4.5 8.300000190734863 0.300000011920929
272 4.5 8.300000190734863 0
273 4 7.799999713897705 0
274 4 7.799999713897705 0.300000011920929
275 4.111260414123535 7.812535762786865 0
276 4.111260414123535 7.812535762786865 0.300000011920929
277 4.216941833496094 7.849515438079834 0
278 4.216941833496094 7.849515438079834 0.300000011920929
279 4.311745166778564 7.909084320068359 0
280 4.311745166778564 7.909084320068359 0.300000011920929
281 4.390915870666504 7.988255023956299 0
282 4.390915870666504 7.988255023956299 0.300000011920929
283 4.450484752655029 8.08305835723877 0
284 4.450484752655029 8.08305835723877 0.300000011920929
285 4.48746395111084 8.188739776611328 0
286 4.48746395111084 8.188739776611328 0.300000011920929
287 2.399999856948853 7.799999713897705 0.300000011920929
288 2.399999856948853 7.799999713897705 0
289 4.5 7.200000286102295 0.300000011920929
290 2.399999856948853 7.200000286102295 0.300000011920929
291 4.5 7.200000286102295 0
292 2.399999856948853 7.200000286102295 0
293 4.599999904632568 7.200000286102295 0.300000011920929
294 4.599999904632568 7.200000286102295 0
295 5.099999904632568 7.700000286102295 0
296 5.099999904632568 7.700000286102295 0.300000011920929
297 5.087463855743408 7.588739395141602 0
298 5.087463855743408 7.588739395141602 0.300000011920929
299 5.050484657287598 7.483057975769043 0
300 5.050484657287598 7.483057975769043 0.300000011920929
301 4.990915775299072 7.38825511932373 0
302 4.990915775299072 7.38825511932373 0.300000011920929
303 4.911745071411133 7.309084415435791 0
304 4.911745071411133 7.309084415435791 0.300000011920929
305 4.816941738128662 7.249515533447266 0
306 4.816941738128662 7.249515533447266 0.300000011920929
307 4.711260318756104 7.212536334991455 0
308 4.711260318756104 7.212536334991455 0.300000011920929
309 5.099999904632568 11.85416316986084 0.300000011920929
310 5.099999904632568 11.85416316986084 0
311 6.900000095367432 11.85416316986084 0
312 6.900000095367432 11.85416316986084 0.300000011920929
313 6.886327266693115 12.01044654846191 0
314 6.886327266693115 12.01044654846191 0.300000011920929
315 6.845723628997803 12.16198062896729 0.300000011920929
316 6.845723628997803 12.16198062896729 0
317 6.779422760009766 12.30416297912598 0.300000011920929
318 6.779422760009766 12.30416297912598 0
319 6.689440250396729 12.43267154693604 0.300000011920929
320 6.689440250396729 12.43267154693604 0
321 6.578508853912354 12.54360294342041 0.300000011920929
322 6.578508853912354 12.54360294342041 0
323 6.450000286102295 12.63358592987061 0.300000011920929
324 6.450000286102295 12.63358592987061 0
325 6.307818412780762 12.69988632202148 0.300000011920929
326 6.307818412780762 12.69988632202148 0
327 6.156283378601074 12.7404899597168 0.300000011920929
328 6.156283378601074 12.7404899597168 0
329 6 12.75416278839111 0.300000011920929
330 6 12.75416278839111 0
331 5.843716621398926 12.7404899597168 0.300000011920929
332 5.843716621398926 12.7404899597168 0
333 5.692182064056396 12.69988632202148 0.300000011920929
334 5.692182064056396 12.69988632202148 0
335 5.550000190734863 12.63358592987061 0.300000011920929
336 5.550000190734863 12.63358592987061 0
337 5.421491146087646 12.54360294342041 0.300000011920929
338 5.421491146087646 12.54360294342041 0
339 5.31056022644043 12.43267154693604 0.300000011920929
340 5.31056022644043 12.43267154693604 0
341 5.220577239990234 12.30416297912598 0.300000011920929
342 5.220577239990234 12.30416297912598 0
343 5.154276847839355 12.16198062896729 0.300000011920929
344 5.154276847839355 12.16198062896729 0
345 5.113673210144043 12.01044654846191 0.300000011920929
346 5.113673210144043 12.01044654846191 0
347 6.900000095367432 3.145838260650635 0.300000011920929
348 6.900000095367432 3.145838260650635 0
349 9.899999618530273 3.145838260650635 0
350 9.899999618530273 3.145838260650635 0.300000011920929
351 9.884732246398926 2.932365894317627 0
352 9.884732246398926 2.932365894317627 0.300000011920929
353 9.839239120483398 2.723239421844482 0
354 9.839239120483398 2.723239421844482 0.300000011920929
355 9.764448165893555 2.52271556854248 0
356 9.764448165893555 2.52271556854248 0.300000011920929
357 9.661880493164062 2.334877014160156 0
358 9.661880493164062 2.334877014160156 0.300000011920929
359 9.533624649047852 2.163547039031982 0
360 9.533624649047852 2.163547039031982 0.300000011920929
361 9.382290840148926 2.012213706970215 0
362 9.382290840148926 2.012213706970215 0.300000011920929
363 9.21096134185791 1.883957862854004 0
364 9.21096134185791 1.883957862854004 0.300000011920929
365 9.023122787475586 1.781390190124512 0
366 9.023122787475586 1.781390190124512 0.300000011920929
367 8.822598457336426 1.70659875869751 0
368 8.822598457336426 1.70659875869751 0.300000011920929
369 8.613471984863281 1.661105990409851 0
370 8.613471984863281 1.661105990409851 0.300000011920929
371 8.399999618530273 1.645838141441345 0
372 8.399999618530273 1.645838141441345 0.300000011920929
373 8.186528205871582 1.661105990409851 0
374 8.186528205871582 1.661105990409851 0.300000011920929
375 7.977401256561279 1.70659875869751 0
376 7.977401256561279 1.70659875869751 0.300000011920929
377 7.776877403259277 1.781390190124512 0
378 7.776877403259277 1.781390190124512 0.300000011920929
379 7.589038848876953 1.883957862854004 0
380 7.589038848876953 1.883957862854004 0.300000011920929
381 7.417708873748779 2.012213706970215 0
382 7.417708873748779 2.012213706970215 0.300000011920929
383 7.266375541687012 2.163547039031982 0
384 7.266375541687012 2.163547039031982 0.300000011920929
385 7.138119697570801 2.334877014160156 0
386 7.138119697570801 2.334877014160156 0.300000011920929
387 7.035552024841309 2.52271556854248 0
388 7.035552024841309 2.52271556854248 0.300000011920929
389 6.960760593414307 2.723239421844482 0
390 6.960760593414307 2.723239421844482 0.300000011920929
391 6.915267944335938 2.932365894317627 0
392 6.915267944335938 2.932365894317627 0.300000011920929
393 9.899999618530273 11.85416316986084 0.300000011920929
394 9.899999618530273 11.85416316986084 0
395 11.69999980926514 11.85416316986084 0
396 11.69999980926514 11.85416316986084 0.300000011920929
397 11.68632698059082 12.01044654846191 0
398 11.68632698059082 12.01044654846191 0.300000011920929
399 11.64572334289551 12.16198062896729 0.300000011920929
400 11.64572334289551 12.16198062896729 0
401 11.57942295074463 12.30416297912598 0.300000011920929
402 11.57942295074463 12.30416297912598 0
403 11.48943996429443 12.43267154693604 0.300000011920929
404 11.48943996429443 12.43267154693604 0
405 11.37850856781006 12.54360294342041 0.300000011920929
406 11.37850856781006 12.54360294342041 0
407 11.25 12.63358592987061 0.300000011920929
408 11.25 12.63358592987061 0
409 11.10781860351562 12.69988632202148 0.300000011920929
410 11.10781860351562 12.69988632202148 0
411 10.95628356933594 12.7404899597168 0.300000011920929
412 10.95628356933594 12.7404899597168 0
413 10.80000019073486 12.75416278839111 0.300000011920929
414 10.80000019073486 12.75416278839111 0
415 10.64371681213379 12.7404899597168 0.300000011920929
416 10.64371681213379 12.7404899597168 0
417 10.4921817779541 12.69988632202148 0.300000011920929
418 10.4921817779541 12.69988632202148 0
419 10.35000038146973 12.63358592987061 0.300000011920929
420 10.35000038146973 12.63358592987061 0
421 10.22149085998535 12.54360294342041 0.300000011920929
422 10.22149085998535 12.54360294342041 0
423 10.11056041717529 12.43267154693604 0.300000011920929
424 10.11056041717529 12.43267154693604 0
425 10.0205774307251 12.30416297912598 0.300000011920929
426 10.0205774307251 12.30416297912598 0
427 9.954277038574219 12.16198062896729 0.300000011920929
428 9.954277038574219 12.16198062896729 0
429 9.913673400878906 12.01044654846191 0.300000011920929
430 9.913673400878906 12.01044654846191 0
431 11.69999980926514 3.145838260650635 0.300000011920929
432 11.69999980926514 3.145838260650635 0
433 14.69999980926514 3.145838260650635 0
434 14.69999980926514 3.145838260650635 0.300000011920929
435 14.68473243713379 2.932365894317627 0
436 14.68473243713379 2.932365894317627 0.300000011920929
437 14.63923931121826 2.723239421844482 0
438 14.63923931121826 2.723239421844482 0.300000011920929
439 14.56444835662842 2.52271556854248 0
440 14.56444835662842 2.52271556854248 0.300000011920929
441 14.46188068389893 2.334877014160156 0
442 14.46188068389893 2.334877014160156 0.300000011920929
443 14.33362483978271 2.163547039031982 0
444 14.33362483978271 2.163547039031982 0.300000011920929
445 14.18229103088379 2.012213706970215 0
446 14.18229103088379 2.012213706970215 0.300000011920929
447 14.01096153259277 1.883957862854004 0
448 14.01096153259277 1.883957862854004 0.300000011920929
449 13.82312297821045 1.781390190124512 0
450 13.82312297821045 1.781390190124512 0.300000011920929
451 13.62259864807129 1.70659875869751 0
452 13.62259864807129 1.70659875869751 0.300000011920929
453 13.41347217559814 1.661105990409851 0
454 13.41347217559814 1.661105990409851 0.300000011920929
455 13.19999980926514 1.645838141441345 0
456 13.19999980926514 1.645838141441345 0.300000011920929
457 12.98652744293213 1.661105990409851 0
458 12.98652744293213 1.661105990409851 0.300000011920929
459 12.77740097045898 1.70659875869751 0
460 12.77740097045898 1.70659875869751 0.300000011920929
461 12.57687759399414 1.781390190124512 0
462 12.57687759399414 1.781390190124512 0.300000011920929
463 12.38903903961182 1.883957862854004 0
464 12.38903903961182 1.883957862854004 0.300000011920929
465 12.21770858764648 2.012213706970215 0
466 12.21770858764648 2.012213706970215 0.300000011920929
467 12.06637573242188 2.163547039031982 0
468 12.06637573242188 2.163547039031982 0.300000011920929
469 11.93811988830566 2.334877014160156 0
470 11.93811988830566 2.334877014160156 0.300000011920929
471 11.83555221557617 2.52271556854248 0
472 11.83555221557617 2.52271556854248 0.300000011920929
473 11.76076030731201 2.723239421844482 0
474 11.76076030731201 2.723239421844482 0.300000011920929
475 11.7152681350708 2.932365894317627 0
476 11.7152681350708 2.932365894317627 0.300000011920929
477 14.69999980926514 11.85416316986084 0.300000011920929
478 14.69999980926514 11.85416316986084 0
479 16.5 11.85416316986084 0
480 16.5 11.85416316986084 0.300000011920929
481 16.48632621765137 12.01044654846191 0
482 16.48632621765137 12.01044654846191 0.300000011920929
483 16.44572257995605 12.16198062896729 0.300000011920929
484 16.44572257995605 12.16198062896729 0
485 16.37942314147949 12.30416297912598 0.300000011920929
486 16.37942314147949 12.30416297912598 0
487 16.2894401550293 12.43267154693604 0.300000011920929
488 16.2894401550293 12.43267154693604 0
489 16.17850875854492 12.54360294342041 0.300000011920929
490 16.17850875854492 12.54360294342041 0
491 16.04999923706055 12.63358592987061 0.300000011920929
492 16.04999923706055 12.63358592987061 0
493 15.90781784057617 12.69988632202148 0.300000011920929
494 15.90781784057617 12.69988632202148 0
495 15.7562837600708 12.7404899597168 0.300000011920929
496 15.7562837600708 12.7404899597168 0
497 15.60000038146973 12.75416278839111 0.300000011920929
498 15.60000038146973 12.75416278839111 0
499 15.44371700286865 12.7404899597168 0.300000011920929
500 15.44371700286865 12.7404899597168 0
501 15.29218196868896 12.69988632202148 0.300000011920929
502 15.29218196868896 12.69988632202148 0
503 15.14999961853027 12.63358592987061 0.300000011920929
504 15.14999961853027 12.63358592987061 0
505 15.02149105072021 12.54360294342041 0.300000011920929
506 15.02149105072021 12.54360294342041 0
507 14.91055965423584 12.43267154693604 0.300000011920929
508 14.91055965423584 12.43267154693604 0
509 14.82057762145996 12.30416297912598 0.300000011920929
510 14.82057762145996 12.30416297912598 0
511 14.75427627563477 12.16198062896729 0.300000011920929
512 14.75427627563477 12.16198062896729 0
513 14.71367263793945 12.01044654846191 0.300000011920929
514 14.71367263793945 12.01044654846191 0
515 16.5 3.145838260650635 0.300000011920929
516 16.5 3.145838260650635 0
517 19.5 3.145838260650635 0
518 19.5 3.145838260650635 0.300000011920929
519 19.48473167419434 2.932365894317627 0
520 19.48473167419434 2.932365894317627 0.300000011920929
521 19.43923950195312 2.723239421844482 0
522 19.43923950195312 2.723239421844482 0.300000011920929
523 19.36444854736328 2.52271556854248 0
524 19.36444854736328 2.52271556854248 0.300000011920929
525 19.26188087463379 2.334877014160156 0
526 19.26188087463379 2.334877014160156 0.300000011920929
527 19.13362503051758 2.163547039031982 0
528 19.13362503051758 2.163547039031982 0.300000011920929
529 18.98229026794434 2.012213706970215 0
530 18.98229026794434 2.012213706970215 0.300000011920929
531 18.81096076965332 1.883957862854004 0
532 18.81096076965332 1.883957862854004 0.300000011920929
533 18.62312316894531 1.781390190124512 0
534 18.62312316894531 1.781390190124512 0.300000011920929
535 18.42259979248047 1.70659875869751 0
536 18.42259979248047 1.70659875869751 0.300000011920929
537 18.21347236633301 1.661105990409851 0
538 18.21347236633301 1.661105990409851 0.300000011920929
539 18 1.645838141441345 0
540 18 1.645838141441345 0.300000011920929
541 17.78652763366699 1.661105990409851 0
542 17.78652763366699 1.661105990409851 0.300000011920929
543 17.57740211486816 1.70659875869751 0
544 17.57740211486816 1.70659875869751 0.300000011920929
545 17.37687683105469 1.781390190124512 0
546 17.37687683105469 1.781390190124512 0.300000011920929
547 17.18903923034668 1.883957862854004 0
548 17.18903923034668 1.883957862854004 0.300000011920929
549 17.01770973205566 2.012213706970215 0
550 17.01770973205566 2.012213706970215 0.300000011920929
551 16.86637496948242 2.163547039031982 0
552 16.86637496948242 2.163547039031982 0.300000011920929
553 16.73811912536621 2.334877014160156 0
554 16.73811912536621 2.334877014160156 0.300000011920929
555 16.63555145263672 2.52271556854248 0
556 16.63555145263672 2.52271556854248 0.300000011920929
557 16.56076049804688 2.723239421844482 0
558 16.56076049804688 2.723239421844482 0.300000011920929
559 16.51526832580566 2.932365894317627 0
560 16.51526832580566 2.932365894317627 0.300000011920929
561 19.5 6.700000286102295 0.300000011920929
562 19.5 6.700000286102295 0
563 20 7.200000286102295 0
564 20 7.200000286102295 0.300000011920929
565 19.88874053955078 7.187464237213135 0
566 19.88874053955078 7.187464237213135 0.300000011920929
567 19.78305816650391 7.150484561920166 0
568 19.78305816650391 7.150484561920166 0.300000011920929
569 19.68825531005859 7.090915679931641 0
570 19.68825531005859 7.090915679931641 0.300000011920929
571 19.60908508300781 7.011744976043701 0
572 19.60908508300781 7.011744976043701 0.300000011920929
573 19.54951477050781 6.916942119598389 0
574 19.54951477050781 6.916942119598389 0.300000011920929
575 19.51253700256348 6.81126070022583 0
576 19.51253700256348 6.81126070022583 0.300000011920929
577 21.59999847412109 7.200000286102295 0.300000011920929
578 21.59999847412109 7.200000286102295 0
579 21.54530906677246 7.292018890380859 0.300000011920929
580 21.5114574432373 7.393570423126221 0.300000011920929
581 21.5 7.5 0.300000011920929
582 21.5114574432373 7.606429576873779 0.300000011920929
583 21.54530906677246 7.707981109619141 0.300000011920929
584 2.4885413646698 7.393570423126221 0.300000011920929
585 2.454690933227539 7.292018890380859 0.300000011920929
586 2.454690933227539 7.707981109619141 0.300000011920929
587 2.4885413646698 7.606429576873779 0.300000011920929
588 2.5 7.5 0.300000011920929
589 21.68196868896484 7.885819435119629 0
590 21.6257438659668 7.831561088562012 2
591 21.55727195739746 7.732361316680908 2
592 21.51452827453613 7.619657516479492 2
593 21.5 7.5 2
594 21.51452827453613 7.38034200668335 2
595 21.55727195739746 7.267638206481934 2
596 21.6257438659668 7.16843843460083 2
597 21.68196868896484 7.114180564880371 0
598 21.71596717834473 7.088508129119873 2
599 21.78185653686523 7.050096035003662 0
600 21.82269668579102 7.032491683959961 2
601 21.8940315246582 7.011358261108398 0
602 21.93973159790039 7.003645420074463 2
603 22.01217651367188 7.000148296356201 0
604 22.06026840209961 7.003645420074463 2
605 22.12963676452637 7.017097949981689 0
606 22.17730140686035 7.032491683959961 2
607 22.23979377746582 7.061253070831299 0
608 22.28403282165527 7.088508129119873 2
609 22.33644104003906 7.130125045776367 0
610 22.37425422668457 7.16843843460083 2
611 22.41413497924805 7.219834804534912 0
612 22.44272804260254 7.267638206481934 2
613 22.46849632263184 7.32532787322998 0
614 22.48546981811523 7.38034200668335 2
615 22.4964656829834 7.440661430358887 0
616 22.5 7.5 2
617 22.4964656829834 7.559337615966797 0
618 22.48546981811523 7.619657516479492 2
619 22.46849632263184 7.674671173095703 0
620 22.44272804260254 7.732361316680908 2
621 22.41413497924805 7.78016471862793 0
622 22.37425422668457 7.831561088562012 2
623 22.33644104003906 7.869874000549316 0
624 22.28403282165527 7.911491870880127 2
625 22.23979377746582 7.938746452331543 0
626 22.17730140686035 7.967507839202881 2
627 22.12963676452637 7.982901573181152 0
628 22.06026840209961 7.996354103088379 2
629 22.01217842102051 7.999851703643799 0
630 21.93973159790039 7.996354103088379 2
631 21.8940315246582 7.988641738891602 0
632 21.82269668579102 7.967507839202881 2
633 21.78185653686523 7.94990348815918 0
634 21.71596717834473 7.911491870880127 2
635 2.318030118942261 7.114180564880371 0
636 2.374255418777466 7.16843843460083 2
637 2.442728042602539 7.267638206481934 2
638 2.48547101020813 7.38034200668335 2
639 2.5 7.5 2
640 2.48547101020813 7.61965799331665 2
641 2.442728042602539 7.732361793518066 2
642 2.374255418777466 7.83156156539917 2
643 2.318030118942261 7.885819435119629 0
644 2.284032344818115 7.911491870880127 2
645 2.218143701553345 7.94990348815918 0
646 2.177302360534668 7.967508316040039 2
647 2.10596776008606 7.988641738891602 0
648 2.060268402099609 7.996354579925537 2
649 1.987821936607361 7.999851703643799 0
650 1.93973171710968 7.996354579925537 2
651 1.870362162590027 7.982901573181152 0
652 1.822697520256042 7.967508316040039 2
653 1.760205745697021 7.938746929168701 0
654 1.715967655181885 7.911491870880127 2
655 1.663558483123779 7.869874477386475 0
656 1.625744581222534 7.83156156539917 2
657 1.585865139961243 7.78016471862793 0
658 1.557271957397461 7.732361793518066 2
659 1.531502604484558 7.674671649932861 0
660 1.51452910900116 7.61965799331665 2
661 1.503533482551575 7.559338092803955 0
662 1.5 7.5 2
663 1.503533482551575 7.440661907196045 0
664 1.51452910900116 7.38034200668335 2
665 1.531502604484558 7.325328350067139 0
666 1.557271957397461 7.267638206481934 2
667 1.585865139961243 7.21983528137207 0
668 1.625744581222534 7.16843843460083 2
669 1.663558483123779 7.130125522613525 0
670 1.715967655181885 7.088508129119873 2
671 1.760205745697021 7.061253070831299 0
672 1.822697520256042 7.032491683959961 2
673 1.870362162590027 7.017098426818848 0
674 1.93973171710968 7.003645420074463 2
675 1.987821936607361 7.000148296356201 0
676 2.060268402099609 7.003645420074463 2
677 2.10596776008606 7.011358261108398 0
678 2.177302360534668 7.032491683959961 2
679 2.218143701553345 7.05009651184082 0
680 2.284032344818115 7.088508129119873 2
$EndNodes
$Elements
1308
1 2 2 0 1 1 2 3
2 2 2 0 1 3 2 4
3 2 2 0 1 5 6 7
4 2 2 0 1 7 6 8
5 2 2 0 1 7 8 9
6 2 2 0 1 9 8 10
7 2 2 0 1 9 10 11
8 2 2 0 1 11 10 12
9 2 2 0 1 11 12 13
10 2 2 0 1 13 12 14
11 2 2 0 1 13 14 15
12 2 2 0 1 15 14 16
13 2 2 0 1 15 16 17
14 2 2 0 1 17 16 18
15 2 2 0 1 17 18 3
16 2 2 0 1 3 18 1
17 2 2 0 1 19 6 20
18 2 2 0 1 20 6 5
19 2 2 0 1 21 22 23
20 2 2 0 1 23 22 24
21 2 2 0 1 23 24 25
22 2 2 0 1 23 25 26
23 2 2 0 1 26 25 27
24 2 2 0 1 26 27 28
25 2 2 0 1 28 27 29
26 2 2 0 1 28 29 30
27 2 2 0 1 30 29 31
28 2 2 0 1 30 31 32
29 2 2 0 1 32 31 33
30 2 2 0 1 32 33 34
31 2 2 0 1 34 33 35
32 2 2 0 1 34 35 36
33 2 2 0 1 36 35 37
34 2 2 0 1 36 37 38
35 2 2 0 1 38 37 39
36 2 2 0 1 38 39 40
37 2 2 0 1 40 39 41
38 2 2 0 1 40 41 42
39 2 2 0 1 42 41 43
40 2 2 0 1 42 43 44
41 2 2 0 1 44 43 45
42 2 2 0 1 44 45 46
43 2 2 0 1 46 45 47
44 2 2 0 1 46 47 48
45 2 2 0 1 48 47 49
46 2 2 0 1 48 49 50
47 2 2 0 1 50 49 51
48 2 2 0 1 50 51 52
49 2 2 0 1 52 51 53
50 2 2 0 1 52 53 54
51 2 2 0 1 54 53 55
52 2 2 0 1 54 55 56
53 2 2 0 1 56 55 20
54 2 2 0 1 20 55 19
55 2 2 0 1 57 22 58
56 2 2 0 1 58 22 21
57 2 2 0 1 59 60 61
58 2 2 0 1 61 60 62
59 2 2 0 1 61 62 63
60 2 2 0 1 63 62 64
61 2 2 0 1 63 64 65
62 2 2 0 1 65 64 66
63 2 2 0 1 65 66 67
64 2 2 0 1 67 66 68
65 2 2 0 1 67 68 69
66 2 2 0 1 69 68 70
67 2 2 0 1 69 70 71
68 2 2 0 1 71 70 72
69 2 2 0 1 71 72 73
70 2 2 0 1 73 72 74
71 2 2 0 1 73 74 75
72 2 2 0 1 75 74 76
73 2 2 0 1 75 76 77
74 2 2 0 1 77 76 78
75 2 2 0 1 77 78 79
76 2 2 0 1 79 78 80
77 2 2 0 1 79 80 81
78 2 2 0 1 81 80 82
79 2 2 0 1 81 82 83
80 2 2 0 1 83 82 84
81 2 2 0 1 83 84 85
82 2 2 0 1 85 84 86
83 2 2 0 1 85 86 87
84 2 2 0 1 87 86 88
85 2 2 0 1 87 88 89
86 2 2 0 1 89 88 90
87 2 2 0 1 89 90 91
88 2 2 0 1 91 90 92
89 2 2 0 1 91 92 93
90 2 2 0 1 93 92 94
91 2 2 0 1 93 94 95
92 2 2 0 1 95 94 96
93 2 2 0 1 95 96 97
94 2 2 0 1 97 96 98
95 2 2 0 1 97 98 99
96 2 2 0 1 99 98 100
97 2 2 0 1 99 100 101
98 2 2 0 1 101 100 102
99 2 2 0 1 101 102 58
100 2 2 0 1 58 102 57
101 2 2 0 1 103 60 104
102 2 2 0 1 104 60 59
103 2 2 0 1 105 106 107
104 2 2 0 1 107 106 108
105 2 2 0 1 107 108 109
106 2 2 0 1 107 109 110
107 2 2 0 1 110 109 111
108 2 2 0 1 110 111 112
109 2 2 0 1 112 111 113
110 2 2 0 1 112 113 114
111 2 2 0 1 114 113 115
112 2 2 0 1 114 115 116
113 2 2 0 1 116 115 117
114 2 2 0 1 116 117 118
115 2 2 0 1 118 117 119
116 2 2 0 1 118 119 120
117 2 2 0 1 120 119 121
118 2 2 0 1 120 121 122
119 2 2 0 1 122 121 123
120 2 2 0 1 122 123 124
121 2 2 0 1 124 123 125
122 2 2 0 1 124 125 126
123 2 2 0 1 126 125 127
124 2 2 0 1 126 127 128
125 2 2 0 1 128 127 129
126 2 2 0 1 128 129 130
127 2 2 0 1 130 129 131
128 2 2 0 1 130 131 132
129 2 2 0 1 132 131 133
130 2 2 0 1 132 133 134
131 2 2 0 1 134 133 135
132 2 2 0 1 134 135 136
133 2 2 0 1 136 135 137
134 2 2 0 1 136 137 138
135 2 2 0 1 138 137 139
136 2 2 0 1 138 139 140
137 2 2 0 1 140 139 104
138 2 2 0 1 104 139 103
139 2 2 0 1 141 106 142
140 2 2 0 1 142 106 105
141 2 2 0 1 143 144 145
142 2 2 0 1 145 144 146
143 2 2 0 1 145 146 147
144 2 2 0 1 147 146 148
145 2 2 0 1 147 148 149
146 2 2 0 1 149 148 150
147 2 2 0 1 149 150 151
148 2 2 0 1 151 150 152
149 2 2 0 1 151 152 153
150 2 2 0 1 153 152 154
151 2 2 0 1 153 154 155
152 2 2 0 1 155 154 156
153 2 2 0 1 155 156 157
154 2 2 0 1 157 156 158
155 2 2 0 1 157 158 159
156 2 2 0 1 159 158 160
157 2 2 0 1 159 160 161
158 2 2 0 1 161 160 162
159 2 2 0 1 161 162 163
160 2 2 0 1 163 162 164
161 2 2 0 1 163 164 165
162 2 2 0 1 165 164 166
163 2 2 0 1 165 166 167
164 2 2 0 1 167 166 168
165 2 2 0 1 167 168 169
166 2 2 0 1 169 168 170
167 2 2 0 1 169 170 171
168 2 2 0 1 171 170 172
169 2 2 0 1 171 172 173
170 2 2 0 1 173 172 174
171 2 2 0 1 173 174 175
172 2 2 0 1 175 174 176
173 2 2 0 1 175 176 177
174 2 2 0 1 177 176 178
175 2 2 0 1 177 178 179
176 2 2 0 1 179 178 180
177 2 2 0 1 179 180 181
178 2 2 0 1 181 180 182
179 2 2 0 1 181 182 183
180 2 2 0 1 183 182 184
181 2 2 0 1 183 184 185
182 2 2 0 1 185 184 186
183 2 2 0 1 185 186 142
184 2 2 0 1 142 186 141
185 2 2 0 1 187 144 188
186 2 2 0 1 188 144 143
187 2 2 0 1 189 190 191
188 2 2 0 1 191 190 192
189 2 2 0 1 191 192 193
190 2 2 0 1 191 193 194
191 2 2 0 1 194 193 195
192 2 2 0 1 194 195 196
193 2 2 0 1 196 195 197
194 2 2 0 1 196 197 198
195 2 2 0 1 198 197 199
196 2 2 0 1 198 199 200
197 2 2 0 1 200 199 201
198 2 2 0 1 200 201 202
199 2 2 0 1 202 201 203
200 2 2 0 1 202 203 204
201 2 2 0 1 204 203 205
202 2 2 0 1 204 205 206
203 2 2 0 1 206 205 207
204 2 2 0 1 206 207 208
205 2 2 0 1 208 207 209
206 2 2 0 1 208 209 210
207 2 2 0 1 210 209 211
208 2 2 0 1 210 211 212
209 2 2 0 1 212 211 213
210 2 2 0 1 212 213 214
211 2 2 0 1 214 213 215
212 2 2 0 1 214 215 216
213 2 2 0 1 216 215 217
214 2 2 0 1 216 217 218
215 2 2 0 1 218 217 219
216 2 2 0 1 218 219 220
217 2 2 0 1 220 219 221
218 2 2 0 1 220 221 222
219 2 2 0 1 222 221 223
220 2 2 0 1 222 223 224
221 2 2 0 1 224 223 188
222 2 2 0 1 188 223 187
223 2 2 0 1 225 190 226
224 2 2 0 1 226 190 189
225 2 2 0 1 227 228 229
226 2 2 0 1 229 228 230
227 2 2 0 1 229 230 231
228 2 2 0 1 231 230 232
229 2 2 0 1 231 232 233
230 2 2 0 1 233 232 234
231 2 2 0 1 233 234 235
232 2 2 0 1 235 234 236
233 2 2 0 1 235 236 237
234 2 2 0 1 237 236 238
235 2 2 0 1 237 238 239
236 2 2 0 1 239 238 240
237 2 2 0 1 239 240 241
238 2 2 0 1 241 240 242
239 2 2 0 1 241 242 243
240 2 2 0 1 243 242 244
241 2 2 0 1 243 244 245
242 2 2 0 1 245 244 246
243 2 2 0 1 245 246 247
244 2 2 0 1 247 246 248
245 2 2 0 1 247 248 249
246 2 2 0 1 249 248 250
247 2 2 0 1 249 250 251
248 2 2 0 1 251 250 252
249 2 2 0 1 251 252 253
250 2 2 0 1 253 252 254
251 2 2 0 1 253 254 255
252 2 2 0 1 255 254 256
253 2 2 0 1 255 256 257
254 2 2 0 1 257 256 258
255 2 2 0 1 257 258 259
256 2 2 0 1 259 258 260
257 2 2 0 1 259 260 261
258 2 2 0 1 261 260 262
259 2 2 0 1 261 262 263
260 2 2 0 1 263 262 264
261 2 2 0 1 263 264 265
262 2 2 0 1 265 264 266
263 2 2 0 1 265 266 267
264 2 2 0 1 267 266 268
265 2 2 0 1 267 268 269
266 2 2 0 1 269 268 270
267 2 2 0 1 269 270 226
268 2 2 0 1 226 270 225
269 2 2 0 1 271 228 272
270 2 2 0 1 272 228 227
271 2 2 0 1 273 274 275
272 2 2 0 1 275 274 276
273 2 2 0 1 275 276 277
274 2 2 0 1 277 276 278
275 2 2 0 1 277 278 279
276 2 2 0 1 279 278 280
277 2 2 0 1 279 280 281
278 2 2 0 1 281 280 282
279 2 2 0 1 281 282 283
280 2 2 0 1 283 282 284
281 2 2 0 1 283 284 285
282 2 2 0 1 285 284 286
283 2 2 0 1 285 286 272
284 2 2 0 1 272 286 271
285 2 2 0 1 287 274 288
286 2 2 0 1 288 274 273
287 2 2 0 1 289 290 291
288 2 2 0 1 291 290 292
289 2 2 0 1 293 289 294
290 2 2 0 1 294 289 291
291 2 2 0 1 295 296 297
292 2 2 0 1 297 296 298
293 2 2 0 1 297 298 299
294 2 2 0 1 299 298 300
295 2 2 0 1 299 300 301
296 2 2 0 1 301 300 302
297 2 2 0 1 301 302 303
298 2 2 0 1 303 302 304
299 2 2 0 1 303 304 305
300 2 2 0 1 305 304 306
301 2 2 0 1 305 306 307
302 2 2 0 1 307 306 308
303 2 2 0 1 307 308 294
304 2 2 0 1 294 308 293
305 2 2 0 1 309 296 310
306 2 2 0 1 310 296 295
307 2 2 0 1 311 312 313
308 2 2 0 1 313 312 314
309 2 2 0 1 313 314 315
310 2 2 0 1 313 315 316
311 2 2 0 1 316 315 317
312 2 2 0 1 316 317 318
313 2 2 0 1 318 317 319
314 2 2 0 1 318 319 320
315 2 2 0 1 320 319 321
316 2 2 0 1 320 321 322
317 2 2 0 1 322 321 323
318 2 2 0 1 322 323 324
319 2 2 0 1 324 323 325
320 2 2 0 1 324 325 326
321 2 2 0 1 326 325 327
322 2 2 0 1 326 327 328
323 2 2 0 1 328 327 329
324 2 2 0 1 328 329 330
325 2 2 0 1 330 329 331
326 2 2 0 1 330 331 332
327 2 2 0 1 332 331 333
328 2 2 0 1 332 333 334
329 2 2 0 1 334 333 335
330 2 2 0 1 334 335 336
331 2 2 0 1 336 335 337
332 2 2 0 1 336 337 338
333 2 2 0 1 338 337 339
334 2 2 0 1 338 339 340
335 2 2 0 1 340 339 341
336 2 2 0 1 340 341 342
337 2 2 0 1 342 341 343
338 2 2 0 1 342 343 344
339 2 2 0 1 344 343 345
340 2 2 0 1 344 345 346
341 2 2 0 1 346 345 310
342 2 2 0 1 310 345 309
343 2 2 0 1 347 312 348
344 2 2 0 1 348 312 311
345 2 2 0 1 349 350 351
346 2 2 0 1 351 350 352
347 2 2 0 1 351 352 353
348 2 2 0 1 353 352 354
349 2 2 0 1 353 354 355
350 2 2 0 1 355 354 356
351 2 2 0 1 355 356 357
352 2 2 0 1 357 356 358
353 2 2 0 1 357 358 359
354 2 2 0 1 359 358 360
355 2 2 0 1 359 360 361
356 2 2 0 1 361 360 362
357 2 2 0 1 361 362 363
358 2 2 0 1 363 362 364
359 2 2 0 1 363 364 365
360 2 2 0 1 365 364 366
361 2 2 0 1 365 366 367
362 2 2 0 1 367 366 368
363 2 2 0 1 367 368 369
364 2 2 0 1 369 368 370
365 2 2 0 1 369 370 371
366 2 2 0 1 371 370 372
367 2 2 0 1 371 372 373
368 2 2 0 1 373 372 374
369 2 2 0 1 373 374 375
370 2 2 0 1 375 374 376
371 2 2 0 1 375 376 377
372 2 2 0 1 377 376 378
373 2 2 0 1 377 378 379
374 2 2 0 1 379 378 380
375 2 2 0 1 379 380 381
376 2 2 0 1 381 380 382
377 2 2 0 1 381 382 383
378 2 2 0 1 383 382 384
379 2 2 0 1 383 384 385
380 2 2 0 1 385 384 386
381 2 2 0 1 385 386 387
382 2 2 0 1 387 386 388
383 2 2 0 1 387 388 389
384 2 2 0 1 389 388 390
385 2 2 0 1 389 390 391
386 2 2 0 1 391 390 392
387 2 2 0 1 391 392 348
388 2 2 0 1 348 392 347
389 2 2 0 1 393 350 394
390 2 2 0 1 394 350 349
391 2 2 0 1 395 396 397
392 2 2 0 1 397 396 398
393 2 2 0 1 397 398 399
394 2 2 0 1 397 399 400
395 2 2 0 1 400 399 401
396 2 2 0 1 400 401 402
397 2 2 0 1 402 401 403
398 2 2 0 1 402 403 404
399 2 2 0 1 404 403 405
400 2 2 0 1 404 405 406
401 2 2 0 1 406 405 407
402 2 2 0 1 406 407 408
403 2 2 0 1 408 407 409
404 2 2 0 1 408 409 410
405 2 2 0 1 410 409 411
406 2 2 0 1 410 411 412
407 2 2 0 1 412 411 413
408 2 2 0 1 412 413 414
409 2 2 0 1 414 413 415
410 2 2 0 1 414 415 416
411 2 2 0 1 416 415 417
412 2 2 0 1 416 417 418
413 2 2 0 1 418 417 419
414 2 2 0 1 418 419 420
415 2 2 0 1 420 419 421
416 2 2 0 1 420 421 422
417 2 2 0 1 422 421 423
418 2 2 0 1 422 423 424
419 2 2 0 1 424 423 425
420 2 2 0 1 424 425 426
421 2 2 0 1 426 425 427
422 2 2 0 1 426 427 428
423 2 2 0 1 428 427 429
424 2 2 0 1 428 429 430
425 2 2 0 1 430 429 394
426 2 2 0 1 394 429 393
427 2 2 0 1 431 396 432
428 2 2 0 1 432 396 395
429 2 2 0 1 433 434 435
430 2 2 0 1 435 434 436
431 2 2 0 1 435 436 437
432 2 2 0 1 437 436 438
433 2 2 0 1 437 438 439
434 2 2 0 1 439 438 440
435 2 2 0 1 439 440 441
436 2 2 0 1 441 440 442
437 2 2 0 1 441 442 443
438 2 2 0 1 443 442 444
439 2 2 0 1 443 444 445
440 2 2 0 1 445 444 446
441 2 2 0 1 445 446 447
442 2 2 0 1 447 446 448
443 2 2 0 1 447 448 449
444 2 2 0 1 449 448 450
445 2 2 0 1 449 450 451
446 2 2 0 1 451 450 452
447 2 2 0 1 451 452 453
448 2 2 0 1 453 452 454
449 2 2 0 1 453 454 455
450 2 2 0 1 455 454 456
451 2 2 0 1 455 456 457
452 2 2 0 1 457 456 458
453 2 2 0 1 457 458 459
454 2 2 0 1 459 458 460
455 2 2 0 1 459 460 461
456 2 2 0 1 461 460 462
457 2 2 0 1 461 462 463
458 2 2 0 1 463 462 464
459 2 2 0 1 463 464 465
460 2 2 0 1 465 464 466
461 2 2 0 1 465 466 467
462 2 2 0 1 467 466 468
463 2 2 0 1 467 468 469
464 2 2 0 1 469 468 470
465 2 2 0 1 469 470 471
466 2 2 0 1 471 470 472
467 2 2 0 1 471 472 473
468 2 2 0 1 473 472 474
469 2 2 0 1 473 474 475
470 2 2 0 1 475 474 476
471 2 2 0 1 475 476 432
472 2 2 0 1 432 476 431
473 2 2 0 1 477 434 478
474 2 2 0 1 478 434 433
475 2 2 0 1 479 480 481
476 2 2 0 1 481 480 482
477 2 2 0 1 481 482 483
478 2 2 0 1 481 483 484
479 2 2 0 1 484 483 485
480 2 2 0 1 484 485 486
481 2 2 0 1 486 485 487
482 2 2 0 1 486 487 488
483 2 2 0 1 488 487 489
484 2 2 0 1 488 489 490
485 2 2 0 1 490 489 491
486 2 2 0 1 490 491 492
487 2 2 0 1 492 491 493
488 2 2 0 1 492 493 494
489 2 2 0 1 494 493 495
490 2 2 0 1 494 495 496
491 2 2 0 1 496 495 497
492 2 2 0 1 496 497 498
493 2 2 0 1 498 497 499
494 2 2 0 1 498 499 500
495 2 2 0 1 500 499 501
496 2 2 0 1 500 501 502
497 2 2 0 1 502 501 503
498 2 2 0 1 502 503 504
499 2 2 0 1 504 503 505
500 2 2 0 1 504 505 506
501 2 2 0 1 506 505 507
502 2 2 0 1 506 507 508
503 2 2 0 1 508 507 509
504 2 2 0 1 508 509 510
505 2 2 0 1 510 509 511
506 2 2 0 1 510 511 512
507 2 2 0 1 512 511 513
508 2 2 0 1 512 513 514
509 2 2 0 1 514 513 478
510 2 2 0 1 478 513 477
511 2 2 0 1 515 480 516
512 2 2 0 1 516 480 479
513 2 2 0 1 517 518 519
514 2 2 0 1 519 518 520
515 2 2 0 1 519 520 521
516 2 2 0 1 521 520 522
517 2 2 0 1 521 522 523
518 2 2 0 1 523 522 524
519 2 2 0 1 523 524 525
520 2 2 0 1 525 524 526
521 2 2 0 1 525 526 527
522 2 2 0 1 527 526 528
523 2 2 0 1 527 528 529
524 2 2 0 1 529 528 530
525 2 2 0 1 529 530 531
526 2 2 0 1 531 530 532
527 2 2 0 1 531 532 533
528 2 2 0 1 533 532 534
529 2 2 0 1 533 534 535
530 2 2 0 1 535 534 536
531 2 2 0 1 535 536 537
532 2 2 0 1 537 536 538
533 2 2 0 1 537 538 539
534 2 2 0 1 539 538 540
535 2 2 0 1 539 540 541
536 2 2 0 1 541 540 542
537 2 2 0 1 541 542 543
538 2 2 0 1 543 542 544
539 2 2 0 1 543 544 545
540 2 2 0 1 545 544 546
541 2 2 0 1 545 546 547
542 2 2 0 1 547 546 548
543 2 2 0 1 547 548 549
544 2 2 0 1 549 548 550
545 2 2 0 1 549 550 551
546 2 2 0 1 551 550 552
547 2 2 0 1 551 552 553
548 2 2 0 1 553 552 554
549 2 2 0 1 553 554 555
550 2 2 0 1 555 554 556
551 2 2 0 1 555 556 557
552 2 2 0 1 557 556 558
553 2 2 0 1 557 558 559
554 2 2 0 1 559 558 560
555 2 2 0 1 559 560 516
556 2 2 0 1 516 560 515
557 2 2 0 1 561 518 562
558 2 2 0 1 562 518 517
559 2 2 0 1 563 564 565
560 2 2 0 1 565 564 566
561 2 2 0 1 565 566 567
562 2 2 0 1 567 566 568
563 2 2 0 1 567 568 569
564 2 2 0 1 569 568 570
565 2 2 0 1 569 570 571
566 2 2 0 1 571 570 572
567 2 2 0 1 571 572 573
568 2 2 0 1 573 572 574
569 2 2 0 1 573 574 575
570 2 2 0 1 575 574 576
571 2 2 0 1 575 576 562
572 2 2 0 1 562 576 561
573 2 2 0 1 577 564 578
574 2 2 0 1 578 564 563
575 2 2 0 1 577 579 564
576 2 2 0 1 564 579 580
577 2 2 0 1 564 580 581
578 2 2 0 1 581 582 564
579 2 2 0 1 564 582 1
580 2 2 0 1 564 1 566
581 2 2 0 1 566 1 568
582 2 2 0 1 568 1 12
583 2 2 0 1 568 12 10
584 2 2 0 1 582 583 1
585 2 2 0 1 1 583 2
586 2 2 0 1 18 16 1
587 2 2 0 1 1 16 14
588 2 2 0 1 1 14 12
589 2 2 0 1 10 8 568
590 2 2 0 1 568 8 6
591 2 2 0 1 568 6 570
592 2 2 0 1 570 6 572
593 2 2 0 1 572 6 574
594 2 2 0 1 574 6 576
595 2 2 0 1 576 6 561
596 2 2 0 1 561 6 19
597 2 2 0 1 561 19 518
598 2 2 0 1 518 19 55
599 2 2 0 1 518 55 520
600 2 2 0 1 520 55 53
601 2 2 0 1 520 53 522
602 2 2 0 1 522 53 51
603 2 2 0 1 522 51 524
604 2 2 0 1 524 51 49
605 2 2 0 1 524 49 526
606 2 2 0 1 526 49 47
607 2 2 0 1 526 47 528
608 2 2 0 1 528 47 45
609 2 2 0 1 528 45 530
610 2 2 0 1 530 45 43
611 2 2 0 1 530 43 532
612 2 2 0 1 532 43 534
613 2 2 0 1 534 43 41
614 2 2 0 1 534 41 536
615 2 2 0 1 536 41 538
616 2 2 0 1 538 41 39
617 2 2 0 1 538 39 540
618 2 2 0 1 540 39 542
619 2 2 0 1 542 39 37
620 2 2 0 1 542 37 544
621 2 2 0 1 544 37 546
622 2 2 0 1 546 37 35
623 2 2 0 1 546 35 548
624 2 2 0 1 548 35 550
625 2 2 0 1 550 35 33
626 2 2 0 1 550 33 552
627 2 2 0 1 552 33 31
628 2 2 0 1 552 31 554
629 2 2 0 1 554 31 29
630 2 2 0 1 554 29 556
631 2 2 0 1 556 29 27
632 2 2 0 1 556 27 558
633 2 2 0 1 558 27 25
634 2 2 0 1 558 25 560
635 2 2 0 1 560 25 24
636 2 2 0 1 560 24 515
637 2 2 0 1 515 24 22
638 2 2 0 1 515 22 480
639 2 2 0 1 480 22 57
640 2 2 0 1 480 57 482
641 2 2 0 1 482 57 102
642 2 2 0 1 482 102 483
643 2 2 0 1 483 102 100
644 2 2 0 1 483 100 485
645 2 2 0 1 485 100 98
646 2 2 0 1 485 98 487
647 2 2 0 1 487 98 96
648 2 2 0 1 487 96 489
649 2 2 0 1 489 96 94
650 2 2 0 1 489 94 491
651 2 2 0 1 491 94 92
652 2 2 0 1 491 92 493
653 2 2 0 1 493 92 90
654 2 2 0 1 493 90 88
655 2 2 0 1 493 88 495
656 2 2 0 1 495 88 86
657 2 2 0 1 495 86 84
658 2 2 0 1 495 84 497
659 2 2 0 1 497 84 82
660 2 2 0 1 497 82 80
661 2 2 0 1 497 80 499
662 2 2 0 1 499 80 78
663 2 2 0 1 499 78 76
664 2 2 0 1 499 76 501
665 2 2 0 1 501 76 74
666 2 2 0 1 501 74 72
667 2 2 0 1 501 72 503
668 2 2 0 1 503 72 70
669 2 2 0 1 503 70 505
670 2 2 0 1 505 70 68
671 2 2 0 1 505 68 507
672 2 2 0 1 507 68 66
673 2 2 0 1 507 66 509
674 2 2 0 1 509 66 64
675 2 2 0 1 509 64 511
676 2 2 0 1 511 64 62
677 2 2 0 1 511 62 513
678 2 2 0 1 513 62 60
679 2 2 0 1 513 60 477
680 2 2 0 1 477 60 434
681 2 2 0 1 434 60 103
682 2 2 0 1 434 103 139
683 2 2 0 1 434 139 436
684 2 2 0 1 436 139 137
685 2 2 0 1 436 137 438
686 2 2 0 1 438 137 135
687 2 2 0 1 438 135 440
688 2 2 0 1 440 135 133
689 2 2 0 1 440 133 442
690 2 2 0 1 442 133 131
691 2 2 0 1 442 131 444
692 2 2 0 1 444 131 129
693 2 2 0 1 444 129 446
694 2 2 0 1 446 129 127
695 2 2 0 1 446 127 448
696 2 2 0 1 448 127 450
697 2 2 0 1 450 127 125
698 2 2 0 1 450 125 452
699 2 2 0 1 452 125 454
700 2 2 0 1 454 125 123
701 2 2 0 1 454 123 456
702 2 2 0 1 456 123 458
703 2 2 0 1 458 123 121
704 2 2 0 1 458 121 460
705 2 2 0 1 460 121 462
706 2 2 0 1 462 121 119
707 2 2 0 1 462 119 464
708 2 2 0 1 464 119 466
709 2 2 0 1 466 119 117
710 2 2 0 1 466 117 468
711 2 2 0 1 468 117 115
712 2 2 0 1 468 115 470
713 2 2 0 1 470 115 113
714 2 2 0 1 470 113 472
715 2 2 0 1 472 113 111
716 2 2 0 1 472 111 474
717 2 2 0 1 474 111 109
718 2 2 0 1 474 109 476
719 2 2 0 1 476 109 108
720 2 2 0 1 476 108 431
721 2 2 0 1 431 108 106
722 2 2 0 1 431 106 396
723 2 2 0 1 396 106 141
724 2 2 0 1 396 141 398
725 2 2 0 1 398 141 186
726 2 2 0 1 398 186 399
727 2 2 0 1 399 186 184
728 2 2 0 1 399 184 401
729 2 2 0 1 401 184 182
730 2 2 0 1 401 182 403
731 2 2 0 1 403 182 180
732 2 2 0 1 403 180 405
733 2 2 0 1 405 180 178
734 2 2 0 1 405 178 407
735 2 2 0 1 407 178 176
736 2 2 0 1 407 176 409
737 2 2 0 1 409 176 174
738 2 2 0 1 409 174 172
739 2 2 0 1 409 172 411
740 2 2 0 1 411 172 170
741 2 2 0 1 411 170 168
742 2 2 0 1 411 168 413
743 2 2 0 1 413 168 166
744 2 2 0 1 413 166 164
745 2 2 0 1 413 164 415
746 2 2 0 1 415 164 162
747 2 2 0 1 415 162 160
748 2 2 0 1 415 160 417
749 2 2 0 1 417 160 158
750 2 2 0 1 417 158 156
751 2 2 0 1 417 156 419
752 2 2 0 1 419 156 154
753 2 2 0 1 419 154 421
754 2 2 0 1 421 154 152
755 2 2 0 1 421 152 423
756 2 2 0 1 423 152 150
757 2 2 0 1 423 150 425
758 2 2 0 1 425 150 148
759 2 2 0 1 425 148 427
760 2 2 0 1 427 148 146
761 2 2 0 1 427 146 429
762 2 2 0 1 429 146 144
763 2 2 0 1 429 144 393
764 2 2 0 1 393 144 350
765 2 2 0 1 350 144 187
766 2 2 0 1 350 187 223
767 2 2 0 1 350 223 352
768 2 2 0 1 352 223 221
769 2 2 0 1 352 221 354
770 2 2 0 1 354 221 219
771 2 2 0 1 354 219 356
772 2 2 0 1 356 219 217
773 2 2 0 1 356 217 358
774 2 2 0 1 358 217 215
775 2 2 0 1 358 215 360
776 2 2 0 1 360 215 213
777 2 2 0 1 360 213 362
778 2 2 0 1 362 213 211
779 2 2 0 1 362 211 364
780 2 2 0 1 364 211 366
781 2 2 0 1 366 211 209
782 2 2 0 1 366 209 368
783 2 2 0 1 368 209 370
784 2 2 0 1 370 209 207
785 2 2 0 1 370 207 372
786 2 2 0 1 372 207 374
787 2 2 0 1 374 207 205
788 2 2 0 1 374 205 376
789 2 2 0 1 376 205 378
790 2 2 0 1 378 205 203
791 2 2 0 1 378 203 380
792 2 2 0 1 380 203 382
793 2 2 0 1 382 203 201
794 2 2 0 1 382 201 384
795 2 2 0 1 384 201 199
796 2 2 0 1 384 199 386
797 2 2 0 1 386 199 197
798 2 2 0 1 386 197 388
799 2 2 0 1 388 197 195
800 2 2 0 1 388 195 390
801 2 2 0 1 390 195 193
802 2 2 0 1 390 193 392
803 2 2 0 1 392 193 192
804 2 2 0 1 392 192 347
805 2 2 0 1 347 192 190
806 2 2 0 1 347 190 312
807 2 2 0 1 312 190 225
808 2 2 0 1 312 225 314
809 2 2 0 1 314 225 270
810 2 2 0 1 314 270 315
811 2 2 0 1 315 270 268
812 2 2 0 1 315 268 317
813 2 2 0 1 317 268 266
814 2 2 0 1 317 266 319
815 2 2 0 1 319 266 264
816 2 2 0 1 319 264 321
817 2 2 0 1 321 264 262
818 2 2 0 1 321 262 323
819 2 2 0 1 323 262 260
820 2 2 0 1 323 260 325
821 2 2 0 1 325 260 258
822 2 2 0 1 325 258 256
823 2 2 0 1 325 256 327
824 2 2 0 1 327 256 254
825 2 2 0 1 327 254 252
826 2 2 0 1 327 252 329
827 2 2 0 1 329 252 250
828 2 2 0 1 329 250 248
829 2 2 0 1 329 248 331
830 2 2 0 1 331 248 246
831 2 2 0 1 331 246 244
832 2 2 0 1 331 244 333
833 2 2 0 1 333 244 242
834 2 2 0 1 333 242 240
835 2 2 0 1 333 240 335
836 2 2 0 1 335 240 238
837 2 2 0 1 335 238 337
838 2 2 0 1 337 238 236
839 2 2 0 1 337 236 339
840 2 2 0 1 339 236 234
841 2 2 0 1 339 234 341
842 2 2 0 1 341 234 232
843 2 2 0 1 341 232 343
844 2 2 0 1 343 232 230
845 2 2 0 1 343 230 345
846 2 2 0 1 345 230 228
847 2 2 0 1 345 228 309
848 2 2 0 1 309 228 271
849 2 2 0 1 309 271 296
850 2 2 0 1 296 271 286
851 2 2 0 1 296 286 284
852 2 2 0 1 284 282 296
853 2 2 0 1 296 282 280
854 2 2 0 1 296 280 278
855 2 2 0 1 276 289 278
856 2 2 0 1 278 289 302
857 2 2 0 1 278 302 300
858 2 2 0 1 276 274 289
859 2 2 0 1 289 274 584
860 2 2 0 1 289 584 585
861 2 2 0 1 287 586 274
862 2 2 0 1 274 586 587
863 2 2 0 1 274 587 588
864 2 2 0 1 588 584 274
865 2 2 0 1 585 290 289
866 2 2 0 1 302 289 304
867 2 2 0 1 304 289 293
868 2 2 0 1 304 293 306
869 2 2 0 1 306 293 308
870 2 2 0 1 300 298 278
871 2 2 0 1 278 298 296
872 2 2 0 1 589 4 590
873 2 2 0 1 590 4 2
874 2 2 0 1 590 2 591
875 2 2 0 1 591 2 583
876 2 2 0 1 591 583 592
877 2 2 0 1 592 583 582
878 2 2 0 1 592 582 593
879 2 2 0 1 593 582 581
880 2 2 0 1 593 581 580
881 2 2 0 1 593 580 594
882 2 2 0 1 594 580 579
883 2 2 0 1 594 579 595
884 2 2 0 1 595 579 577
885 2 2 0 1 595 577 596
886 2 2 0 1 596 577 578
887 2 2 0 1 596 578 597
888 2 2 0 1 596 597 598
889 2 2 0 1 598 597 599
890 2 2 0 1 598 599 600
891 2 2 0 1 600 599 601
892 2 2 0 1 600 601 602
893 2 2 0 1 602 601 603
894 2 2 0 1 602 603 604
895 2 2 0 1 604 603 605
896 2 2 0 1 604 605 606
897 2 2 0 1 606 605 607
898 2 2 0 1 606 607 608
899 2 2 0 1 608 607 609
900 2 2 0 1 608 609 610
901 2 2 0 1 610 609 611
902 2 2 0 1 610 611 612
903 2 2 0 1 612 611 613
904 2 2 0 1 612 613 614
905 2 2 0 1 614 613 615
906 2 2 0 1 614 615 616
907 2 2 0 1 616 615 617
908 2 2 0 1 616 617 618
909 2 2 0 1 618 617 619
910 2 2 0 1 618 619 620
911 2 2 0 1 620 619 621
912 2 2 0 1 620 621 622
913 2 2 0 1 622 621 623
914 2 2 0 1 622 623 624
915 2 2 0 1 624 623 625
916 2 2 0 1 624 625 626
917 2 2 0 1 626 625 627
918 2 2 0 1 626 627 628
919 2 2 0 1 628 627 629
920 2 2 0 1 628 629 630
921 2 2 0 1 630 629 631
922 2 2 0 1 630 631 632
923 2 2 0 1 632 631 633
924 2 2 0 1 632 633 634
925 2 2 0 1 634 633 589
926 2 2 0 1 634 589 590
927 2 2 0 1 635 292 636
928 2 2 0 1 636 292 290
929 2 2 0 1 636 290 637
930 2 2 0 1 637 290 585
931 2 2 0 1 637 585 638
932 2 2 0 1 638 585 584
933 2 2 0 1 638 584 639
934 2 2 0 1 639 584 588
935 2 2 0 1 639 588 587
936 2 2 0 1 639 587 640
937 2 2 0 1 640 587 586
938 2 2 0 1 640 586 641
939 2 2 0 1 641 586 287
940 2 2 0 1 641 287 642
941 2 2 0 1 642 287 288
942 2 2 0 1 642 288 643
943 2 2 0 1 642 643 644
944 2 2 0 1 644 643 645
945 2 2 0 1 644 645 646
946 2 2 0 1 646 645 647
947 2 2 0 1 646 647 648
948 2 2 0 1 648 647 649
949 2 2 0 1 648 649 650
950 2 2 0 1 650 649 651
951 2 2 0 1 650 651 652
952 2 2 0 1 652 651 653
953 2 2 0 1 652 653 654
954 2 2 0 1 654 653 655
955 2 2 0 1 654 655 656
956 2 2 0 1 656 655 657
957 2 2 0 1 656 657 658
958 2 2 0 1 658 657 659
959 2 2 0 1 658 659 660
960 2 2 0 1 660 659 661
961 2 2 0 1 660 661 662
962 2 2 0 1 662 661 663
963 2 2 0 1 662 663 664
964 2 2 0 1 664 663 665
965 2 2 0 1 664 665 666
966 2 2 0 1 666 665 667
967 2 2 0 1 666 667 668
968 2 2 0 1 668 667 669
969 2 2 0 1 668 669 670
970 2 2 0 1 670 669 671
971 2 2 0 1 670 671 672
972 2 2 0 1 672 671 673
973 2 2 0 1 672 673 674
974 2 2 0 1 674 673 675
975 2 2 0 1 674 675 676
976 2 2 0 1 676 675 677
977 2 2 0 1 676 677 678
978 2 2 0 1 678 677 679
979 2 2 0 1 678 679 680
980 2 2 0 1 680 679 635
981 2 2 0 1 680 635 636
982 2 2 0 1 635 669 292
983 2 2 0 1 292 669 667
984 2 2 0 1 292 667 665
985 2 2 0 1 669 635 671
986 2 2 0 1 671 635 679
987 2 2 0 1 671 679 673
988 2 2 0 1 673 679 677
989 2 2 0 1 673 677 675
990 2 2 0 1 665 663 292
991 2 2 0 1 292 663 661
992 2 2 0 1 292 661 288
993 2 2 0 1 288 661 659
994 2 2 0 1 288 659 657
995 2 2 0 1 657 655 288
996 2 2 0 1 288 655 643
997 2 2 0 1 643 655 653
998 2 2 0 1 643 653 645
999 2 2 0 1 645 653 651
1000 2 2 0 1 645 651 647
1001 2 2 0 1 647 651 649
1002 2 2 0 1 288 273 292
1003 2 2 0 1 292 273 291
1004 2 2 0 1 291 273 275
1005 2 2 0 1 291 275 301
1006 2 2 0 1 301 275 299
1007 2 2 0 1 299 275 277
1008 2 2 0 1 299 277 297
1009 2 2 0 1 297 277 295
1010 2 2 0 1 295 277 279
1011 2 2 0 1 295 279 281
1012 2 2 0 1 281 283 295
1013 2 2 0 1 295 283 285
1014 2 2 0 1 295 285 272
1015 2 2 0 1 295 272 310
1016 2 2 0 1 310 272 227
1017 2 2 0 1 310 227 346
1018 2 2 0 1 346 227 229
1019 2 2 0 1 346 229 344
1020 2 2 0 1 344 229 231
1021 2 2 0 1 344 231 342
1022 2 2 0 1 342 231 233
1023 2 2 0 1 342 233 340
1024 2 2 0 1 340 233 235
1025 2 2 0 1 340 235 338
1026 2 2 0 1 338 235 237
1027 2 2 0 1 338 237 336
1028 2 2 0 1 336 237 239
1029 2 2 0 1 336 239 334
1030 2 2 0 1 334 239 241
1031 2 2 0 1 334 241 332
1032 2 2 0 1 332 241 243
1033 2 2 0 1 332 243 245
1034 2 2 0 1 332 245 330
1035 2 2 0 1 330 245 247
1036 2 2 0 1 330 247 249
1037 2 2 0 1 249 251 330
1038 2 2 0 1 330 251 253
1039 2 2 0 1 330 253 328
1040 2 2 0 1 328 253 255
1041 2 2 0 1 328 255 257
1042 2 2 0 1 328 257 326
1043 2 2 0 1 326 257 259
1044 2 2 0 1 326 259 324
1045 2 2 0 1 324 259 261
1046 2 2 0 1 324 261 322
1047 2 2 0 1 322 261 263
1048 2 2 0 1 322 263 320
1049 2 2 0 1 320 263 265
1050 2 2 0 1 320 265 318
1051 2 2 0 1 318 265 267
1052 2 2 0 1 318 267 316
1053 2 2 0 1 316 267 269
1054 2 2 0 1 316 269 313
1055 2 2 0 1 313 269 226
1056 2 2 0 1 313 226 311
1057 2 2 0 1 311 226 348
1058 2 2 0 1 348 226 189
1059 2 2 0 1 348 189 191
1060 2 2 0 1 348 191 391
1061 2 2 0 1 391 191 194
1062 2 2 0 1 391 194 389
1063 2 2 0 1 389 194 196
1064 2 2 0 1 389 196 387
1065 2 2 0 1 387 196 198
1066 2 2 0 1 387 198 385
1067 2 2 0 1 385 198 200
1068 2 2 0 1 385 200 383
1069 2 2 0 1 383 200 202
1070 2 2 0 1 383 202 381
1071 2 2 0 1 381 202 204
1072 2 2 0 1 381 204 379
1073 2 2 0 1 379 204 206
1074 2 2 0 1 379 206 377
1075 2 2 0 1 377 206 375
1076 2 2 0 1 375 206 208
1077 2 2 0 1 375 208 373
1078 2 2 0 1 373 208 371
1079 2 2 0 1 371 208 369
1080 2 2 0 1 369 208 367
1081 2 2 0 1 367 208 210
1082 2 2 0 1 367 210 365
1083 2 2 0 1 365 210 363
1084 2 2 0 1 363 210 212
1085 2 2 0 1 363 212 361
1086 2 2 0 1 361 212 214
1087 2 2 0 1 361 214 359
1088 2 2 0 1 359 214 216
1089 2 2 0 1 359 216 357
1090 2 2 0 1 357 216 218
1091 2 2 0 1 357 218 355
1092 2 2 0 1 355 218 220
1093 2 2 0 1 355 220 353
1094 2 2 0 1 353 220 222
1095 2 2 0 1 353 222 351
1096 2 2 0 1 351 222 224
1097 2 2 0 1 351 224 349
1098 2 2 0 1 349 224 188
1099 2 2 0 1 349 188 394
1100 2 2 0 1 394 188 143
1101 2 2 0 1 394 143 430
1102 2 2 0 1 430 143 145
1103 2 2 0 1 430 145 428
1104 2 2 0 1 428 145 147
1105 2 2 0 1 428 147 426
1106 2 2 0 1 426 147 149
1107 2 2 0 1 426 149 424
1108 2 2 0 1 424 149 151
1109 2 2 0 1 424 151 422
1110 2 2 0 1 422 151 153
1111 2 2 0 1 422 153 420
1112 2 2 0 1 420 153 155
1113 2 2 0 1 420 155 418
1114 2 2 0 1 418 155 157
1115 2 2 0 1 418 157 416
1116 2 2 0 1 416 157 159
1117 2 2 0 1 416 159 161
1118 2 2 0 1 416 161 414
1119 2 2 0 1 414 161 163
1120 2 2 0 1 414 163 165
1121 2 2 0 1 165 167 414
1122 2 2 0 1 414 167 169
1123 2 2 0 1 414 169 412
1124 2 2 0 1 412 169 171
1125 2 2 0 1 412 171 173
1126 2 2 0 1 412 173 410
1127 2 2 0 1 410 173 175
1128 2 2 0 1 410 175 408
1129 2 2 0 1 408 175 177
1130 2 2 0 1 408 177 406
1131 2 2 0 1 406 177 179
1132 2 2 0 1 406 179 404
1133 2 2 0 1 404 179 181
1134 2 2 0 1 404 181 402
1135 2 2 0 1 402 181 183
1136 2 2 0 1 402 183 400
1137 2 2 0 1 400 183 185
1138 2 2 0 1 400 185 397
1139 2 2 0 1 397 185 142
1140 2 2 0 1 397 142 395
1141 2 2 0 1 395 142 432
1142 2 2 0 1 432 142 105
1143 2 2 0 1 432 105 107
1144 2 2 0 1 432 107 475
1145 2 2 0 1 475 107 110
1146 2 2 0 1 475 110 473
1147 2 2 0 1 473 110 112
1148 2 2 0 1 473 112 471
1149 2 2 0 1 471 112 114
1150 2 2 0 1 471 114 469
1151 2 2 0 1 469 114 116
1152 2 2 0 1 469 116 467
1153 2 2 0 1 467 116 118
1154 2 2 0 1 467 118 465
1155 2 2 0 1 465 118 120
1156 2 2 0 1 465 120 463
1157 2 2 0 1 463 120 122
1158 2 2 0 1 463 122 461
1159 2 2 0 1 461 122 459
1160 2 2 0 1 459 122 124
1161 2 2 0 1 459 124 457
1162 2 2 0 1 457 124 455
1163 2 2 0 1 455 124 453
1164 2 2 0 1 453 124 451
1165 2 2 0 1 451 124 126
1166 2 2 0 1 451 126 449
1167 2 2 0 1 449 126 447
1168 2 2 0 1 447 126 128
1169 2 2 0 1 447 128 445
1170 2 2 0 1 445 128 130
1171 2 2 0 1 445 130 443
1172 2 2 0 1 443 130 132
1173 2 2 0 1 443 132 441
1174 2 2 0 1 441 132 134
1175 2 2 0 1 441 134 439
1176 2 2 0 1 439 134 136
1177 2 2 0 1 439 136 437
1178 2 2 0 1 437 136 138
1179 2 2 0 1 437 138 435
1180 2 2 0 1 435 138 140
1181 2 2 0 1 435 140 433
1182 2 2 0 1 433 140 104
1183 2 2 0 1 433 104 478
1184 2 2 0 1 478 104 59
1185 2 2 0 1 478 59 514
1186 2 2 0 1 514 59 61
1187 2 2 0 1 514 61 512
1188 2 2 0 1 512 61 63
1189 2 2 0 1 512 63 510
1190 2 2 0 1 510 63 65
1191 2 2 0 1 510 65 508
1192 2 2 0 1 508 65 67
1193 2 2 0 1 508 67 506
1194 2 2 0 1 506 67 69
1195 2 2 0 1 506 69 504
1196 2 2 0 1 504 69 71
1197 2 2 0 1 504 71 502
1198 2 2 0 1 502 71 73
1199 2 2 0 1 502 73 500
1200 2 2 0 1 500 73 75
1201 2 2 0 1 500 75 77
1202 2 2 0 1 500 77 498
1203 2 2 0 1 498 77 79
1204 2 2 0 1 498 79 81
1205 2 2 0 1 81 83 498
1206 2 2 0 1 498 83 85
1207 2 2 0 1 498 85 496
1208 2 2 0 1 496 85 87
1209 2 2 0 1 496 87 89
1210 2 2 0 1 496 89 494
1211 2 2 0 1 494 89 91
1212 2 2 0 1 494 91 492
1213 2 2 0 1 492 91 93
1214 2 2 0 1 492 93 490
1215 2 2 0 1 490 93 95
1216 2 2 0 1 490 95 488
1217 2 2 0 1 488 95 97
1218 2 2 0 1 488 97 486
1219 2 2 0 1 486 97 99
1220 2 2 0 1 486 99 484
1221 2 2 0 1 484 99 101
1222 2 2 0 1 484 101 481
1223 2 2 0 1 481 101 58
1224 2 2 0 1 481 58 479
1225 2 2 0 1 479 58 516
1226 2 2 0 1 516 58 21
1227 2 2 0 1 516 21 23
1228 2 2 0 1 516 23 559
1229 2 2 0 1 559 23 26
1230 2 2 0 1 559 26 557
1231 2 2 0 1 557 26 28
1232 2 2 0 1 557 28 555
1233 2 2 0 1 555 28 30
1234 2 2 0 1 555 30 553
1235 2 2 0 1 553 30 32
1236 2 2 0 1 553 32 551
1237 2 2 0 1 551 32 34
1238 2 2 0 1 551 34 549
1239 2 2 0 1 549 34 36
1240 2 2 0 1 549 36 547
1241 2 2 0 1 547 36 38
1242 2 2 0 1 547 38 545
1243 2 2 0 1 545 38 543
1244 2 2 0 1 543 38 40
1245 2 2 0 1 543 40 541
1246 2 2 0 1 541 40 539
1247 2 2 0 1 539 40 537
1248 2 2 0 1 537 40 535
1249 2 2 0 1 535 40 42
1250 2 2 0 1 535 42 533
1251 2 2 0 1 533 42 531
1252 2 2 0 1 531 42 44
1253 2 2 0 1 531 44 529
1254 2 2 0 1 529 44 46
1255 2 2 0 1 529 46 527
1256 2 2 0 1 527 46 48
1257 2 2 0 1 527 48 525
1258 2 2 0 1 525 48 50
1259 2 2 0 1 525 50 523
1260 2 2 0 1 523 50 52
1261 2 2 0 1 523 52 521
1262 2 2 0 1 521 52 54
1263 2 2 0 1 521 54 519
1264 2 2 0 1 519 54 56
1265 2 2 0 1 519 56 517
1266 2 2 0 1 517 56 20
1267 2 2 0 1 517 20 562
1268 2 2 0 1 562 20 5
1269 2 2 0 1 562 5 575
1270 2 2 0 1 575 5 573
1271 2 2 0 1 573 5 571
1272 2 2 0 1 571 5 569
1273 2 2 0 1 569 5 567
1274 2 2 0 1 567 5 7
1275 2 2 0 1 567 7 9
1276 2 2 0 1 567 9 565
1277 2 2 0 1 565 9 11
1278 2 2 0 1 565 11 3
1279 2 2 0 1 3 11 13
1280 2 2 0 1 3 13 15
1281 2 2 0 1 15 17 3
1282 2 2 0 1 565 3 563
1283 2 2 0 1 563 3 4
1284 2 2 0 1 563 4 578
1285 2 2 0 1 578 4 617
1286 2 2 0 1 578 617 615
1287 2 2 0 1 589 623 4
1288 2 2 0 1 4 623 621
1289 2 2 0 1 4 621 619
1290 2 2 0 1 623 589 625
1291 2 2 0 1 625 589 633
1292 2 2 0 1 625 633 627
1293 2 2 0 1 627 633 631
1294 2 2 0 1 627 631 629
1295 2 2 0 1 619 617 4
1296 2 2 0 1 615 613 578
1297 2 2 0 1 578 613 611
1298 2 2 0 1 578 611 609
1299 2 2 0 1 578 609 597
1300 2 2 0 1 597 609 607
1301 2 2 0 1 597 607 599
1302 2 2 0 1 599 607 605
1303 2 2 0 1 599 605 601
1304 2 2 0 1 601 605 603
1305 2 2 0 1 301 303 291
1306 2 2 0 1 291 303 294
1307 2 2 0 1 294 303 305
1308 2 2 0 1 294 305 307
$EndElements
